69705
70010
70313
70612
70903
70915
71802
71806
71812
72107
72416
72703
73317
73600
73602
73612
73616
73905
74810
74841
75406
75738
76006
76332
77227
77231
78126
78435
79023
79633
80829
70004
70006
70008
70309
70604
70610
70905
70907
71204
71206
71208
71212
71214
71511
71515
71808
72105
72109
72111
72113
72115
72404
72406
72412
72709
72713
72715
73008
73303
73305
73307
73309
73311
73313
73315
73608
73614
73901
73909
74200
74202
74204
74206
74210
74503
74505
74509
74806
75103
75105
75142
75439
75441
75705
75740
75742
76041
76334
76336
76338
76340
76342
76633
76635
76637
77237
77528
77532
77536
77825
77827
77831
77835
78124
78128
78130
78132
78134
78423
78425
78431
78433
78724
78730
79029
79031
79330
79629
79631
79930
79932
80229
80530
70305
70307
70606
70608
70909
70913
71503
71509
71804
71810
71814
72414
72707
72711
73004
73006
73010
73907
74208
74804
76039
76934
76936
77235
77534
77829
77833
# EOF 151
