10027
13949
16573
9689
10504
17551
4984
5648
6304
6733
7067
7888
8045
9528
10015
10041
10663
10671
10848
10997
11160
11327
11494
11500
11824
12140
13293
13464
13621
13629
13947
14444
14611
15257
15754
15911
16074
16575
17877
18046
19521
6469
10524
11504
12311
13140
13297
16239
16404
17718
19030
10665
8865
10010
10020
9201
9855
11171
11485
11813
12155
13145
14111
14602
14777
18049
18371
19029
9851
11656
19190
15584
2335
2826
2989
7881
8217
9193
9199
9380
10336
10346
10366
10515
10839
11010
11167
11338
11833
11986
12151
12654
12807
12962
12972
13131
13137
13785
14113
14272
14278
14765
14930
14936
15419
15427
16407
16904
17389
17713
17884
18218
18703
18711
19687
5482
6897
7883
8064
9364
9531
9694
9875
10847
12797
12978
13465
14928
15093
15107
15264
16077
16898
17391
10519
7223
# EOF 136
