18382
18207
10353
10667
11166
19026
9850
10369
10838
11653
11822
12138
12806
16078
16237
16893
11158
11164
8208
2662
4616
6242
6898
8866
9526
9687
9858
10176
10349
10500
10679
10836
10844
11325
11333
11484
11977
12307
12468
12635
12981
13128
13134
13142
13945
14108
14438
14774
14933
15422
15919
16245
16571
17221
18547
19197
19519
19684
3145
7063
7220
7383
8103
9415
9524
12150
12808
13295
14116
14275
14943
15090
15096
15259
16402
16734
17227
17714
10016
11491
19355
7394
10509
11000
12308
13626
15910
16731
17717
18041
11173
3309
3476
7056
7901
8257
8585
9032
9088
9197
9358
9696
9873
10022
10342
10513
10696
11004
11648
11662
11811
12801
12966
13300
13461
13624
13783
14117
14276
14447
14763
14942
15097
17059
17385
17560
18043
18053
18536
18701
19852
2824
6744
8267
9362
10505
10680
10833
11664
12304
12314
12976
13302
13459
14779
14926
15912
16075
16409
16566
17063
17222
17232
17725
17886
19524
10179
17882
18215
# EOF 159
