18056
10993
11321
4121
6735
7071
8534
9860
11651
11979
12472
18374
19849
10019
3519
5817
7725
9194
9530
9693
10516
10832
11011
11162
11323
11331
11339
11657
11667
11987
12466
12476
12633
12963
12973
13132
13138
13788
14114
14273
14279
14615
14931
15102
15420
15913
16408
16565
17720
17885
18050
18209
5483
5580
9367
12798
12979
13466
14929
15094
16899
17392
18867
10347
6573
11819
10012
7722
10676
11487
14608
10173
10340
19689
7068
8046
8219
9030
9187
9853
10201
10664
10672
10841
10998
11495
11825
11994
12143
12302
13294
13622
13781
13952
14445
14771
14938
15089
15260
15755
16729
17057
17554
17878
18373
19194
19522
5647
6732
7889
8052
9360
9704
11340
12141
12312
12322
13298
15254
16240
16405
16570
17550
17719
19031
9356
10507
18862
18534
# EOF 129
