27110
32380
33036
36031
50437
55043
55689
56018
56654
57320
62578
66195
69068
69379
70661
72013
72663
73650
73981
88395
30075
46507
49799
52068
54371
56014
58363
60923
71028
72332
73953
77584
85785
100915
59306
63551
81526
41259
59958
78898
77255
53703
59633
60602
69396
44843
66752
23414
30734
31055
31701
34676
36327
36632
38941
39563
39916
41202
41583
41904
42241
43880
45166
46837
47166
51734
51796
56326
59570
59642
60862
60922
63873
64168
64858
65861
66437
67091
68050
68393
70038
71328
71659
72341
74285
75954
76929
78568
79884
80841
87092
87409
31731
33017
37288
38602
39559
45499
47425
48757
52384
55020
55409
55676
57000
57666
65211
66429
70369
71984
73298
74295
74624
79226
80825
44849
37306
40217
40887
46498
48151
60932
67089
67737
74307
80175
80514
50119
50777
67813
43220
44185
45523
49403
73308
85766
63893
55353
43862
62238
79559
79230
# EOF 142
