70382
78242
23840
28761
30073
31387
46828
47484
50108
55681
56989
57667
59625
59948
60275
62570
64207
65210
65842
68805
72328
72645
75295
75618
76605
85454
87083
89380
103399
35042
51091
51418
56000
58038
59952
60277
65521
66197
66526
69124
69371
69716
75953
90696
42569
44537
48140
53707
57966
58632
67413
69383
76272
61585
71750
87402
71096
84471
45195
70359
60226
39609
55022
77553
50069
31041
36953
38289
38584
39603
39904
40227
43186
44833
47100
47156
48466
49415
49800
51064
51389
52725
52775
53750
54667
55341
55999
57307
57979
62888
64469
66766
67420
67745
68473
69785
70018
71996
73639
73970
74947
81198
3186
32024
38279
46153
46482
50769
56673
57652
61512
64196
67488
77212
85124
85457
41559
46484
54414
54687
55696
69709
71340
74283
89373
44155
55042
32054
51034
62565
# EOF 130
