70036
50118
43877
46836
50433
52732
55352
55687
56325
56650
57318
58295
58949
62899
67088
67489
67812
68392
72340
72661
74284
78567
79883
85765
87408
88393
55019
55675
56012
56993
57665
74623
79225
86437
87081
48150
54706
59298
62235
79558
63549
41588
46497
60929
45519
37946
41200
47162
55040
56013
56998
57987
58906
59566
60860
64796
66433
68714
69067
69378
71009
71657
72012
73649
73980
75952
78897
30074
32688
39254
40259
46506
49798
50440
52061
65185
72331
77260
81856
85784
37298
40881
58655
59869
72672
87072
61201
79228
# EOF 88
