49127
49458
51089
52399
53382
54698
55663
58630
58967
60596
63541
68408
69399
69708
70053
71022
71670
72314
73303
76280
77263
78250
79235
43554
43881
56327
61900
64857
67810
32713
49795
57003
61916
72982
86419
88724
44864
47480
26785
44868
29077
85110
37966
39579
41870
42189
42518
51413
51744
53050
55367
56342
56675
57331
57644
58306
62168
62852
65187
68072
68728
71348
72983
74297
74614
80211
82183
85122
87738
40885
42572
57325
58962
70672
71338
72004
88394
30401
44211
45840
57654
61576
65843
68395
82506
85449
63221
76939
36630
63484
71426
47816
59568
61259
# EOF 94
