60274
26783
68735
43556
47155
49797
52724
55021
58325
62885
64205
65515
66765
67419
68472
69784
71995
73329
73969
74639
74946
75616
81197
82840
41584
50768
55994
56672
57643
60271
82184
85123
85456
86114
88716
48136
54038
54686
55041
55695
69375
62566
53705
69706
46824
57978
29421
80214
30068
31386
40560
47483
50107
50424
55678
55997
58657
59624
59945
66828
70696
72327
72644
73635
75294
76604
85453
86115
87082
89054
36317
51090
62561
68740
69370
69715
42568
60557
65125
62200
45194
61584
71428
44536
# EOF 84
