79554
30725
46832
47159
47486
55035
55683
56002
57984
59950
67423
67748
71754
72005
73975
75299
75622
76607
89382
90369
46172
46501
51737
56004
57657
58309
60608
63868
69130
70041
72316
43550
53041
55699
56335
62572
67160
69385
70374
71349
76278
61587
62893
72648
30395
35669
39910
45200
48468
50111
52727
55345
56994
57311
59313
59632
60278
61514
64160
64210
64489
65468
66423
67482
69051
72333
72658
73643
74951
76560
26788
32042
36323
50127
50436
51098
58577
61518
62854
64198
71005
84795
61534
54697
57975
58641
74299
78247
79880
48145
# EOF 90
