80537
60937
27114
29407
31060
39628
41265
42244
42575
47817
48138
50445
51739
52393
53713
55693
56026
56668
57007
57324
58963
61250
62907
66851
68719
69389
72077
73297
73654
74290
78577
87733
104089
40288
61252
71333
90353
55340
57314
67752
68069
89043
38314
38653
90024
29092
51103
64863
79520
30076
86749
60270
31707
36638
37958
38945
39922
41212
41912
44167
45495
45812
46145
48087
50125
50394
51080
51407
53100
53371
54689
56332
57995
58300
58625
59207
59859
60517
60928
61901
62230
62583
63881
68403
69458
71017
71336
71663
72668
72969
74967
76935
32712
37324
37601
38953
45515
47463
48464
53058
54693
56017
57014
58639
64794
66758
68140
68379
72000
73312
73641
81475
40251
43226
49780
53746
58575
61909
69049
70997
86089
90683
37970
50707
50115
53381
62246
58288
# EOF 128
