42242
42571
46838
47167
47813
50120
50441
55360
55691
56329
57001
57992
60925
63874
66438
67092
70039
72015
74286
79885
85107
31732
54389
55037
57669
61579
62889
70370
100466
45524
60933
61904
62239
68067
70767
74308
75297
77265
87093
33671
37948
38604
41585
43884
48480
51405
51736
53704
56657
57321
58908
59959
61522
67815
68399
69380
71015
71661
72343
72664
73651
73982
76931
78570
78907
87411
27115
45513
46508
52071
55688
56015
57012
58637
66431
66748
68138
71998
73302
73962
85786
88065
37308
39252
42187
43222
59307
59634
63552
67741
88390
# EOF 91
