49459
79229
76938
43885
24825
29415
44862
49125
51743
52397
53380
54694
55366
56337
56674
57011
57330
58303
60939
61912
62913
63884
64229
65186
68727
71425
72312
72976
73301
74296
76274
77909
85121
86746
87737
56321
57065
68402
71337
71656
72003
76932
31381
47815
49791
58319
61575
62897
65523
68394
71030
86104
28763
61258
44866
2530
24720
26784
31713
35986
36341
37286
37964
38269
43836
44510
46151
47455
49457
50075
50398
51086
52115
52446
52699
53044
53104
55662
57642
58629
58966
59217
60188
60531
61849
62248
63219
64868
68064
68407
69131
70048
71021
71346
71667
71974
74608
77262
78241
78580
82181
86426
89702
91010
31049
37609
40556
43854
44205
45824
47473
47792
52448
57317
58653
59574
61899
63177
64854
75290
33998
35968
42213
44207
45838
52679
63175
64878
44183
50386
56990
59897
61915
72977
60874
# EOF 135
