50446
48152
56333
57009
57326
57637
58301
62233
63882
64865
69459
71018
71339
73299
76936
78238
79223
83490
46830
48465
48796
53059
56020
57306
58644
66759
68143
70109
72001
73313
73642
43229
49785
55344
67483
71010
73325
73967
68071
80540
36640
36969
40873
41862
41914
49453
51409
51740
52394
53036
56669
58250
58627
58964
61179
61255
61847
61907
62846
68062
68405
68720
70046
71665
72078
72971
74291
77258
78578
86420
87734
34329
36652
37607
45517
61253
71334
77878
83160
96629
44859
47810
51104
54340
67753
69053
60930
59552
74963
58583
50117
61911
# EOF 92
