45520
71752
15302
31076
32693
36352
44541
45187
52070
53390
54042
56684
57340
57962
58981
60606
63900
68466
70372
72996
74625
75277
77588
78206
80868
81855
85444
100807
35696
45843
50762
56341
57994
59300
63240
64538
65870
66500
68077
77921
79552
29088
39303
55025
69128
77590
57649
64877
86098
63220
26456
52025
75946
82458
56659
41878
58960
64555
34004
37621
40546
41238
43543
43846
44209
46171
46442
46815
47467
48797
50739
51052
52765
54709
55670
56976
58316
59297
63235
64531
65450
67071
68142
68738
69717
72321
73314
73629
73956
77216
82131
88715
89044
36987
40211
51050
51373
56655
59893
70694
72076
86107
31705
38931
40548
45158
48470
60186
61247
61594
64200
65538
28421
46496
59957
46823
49826
56354
# EOF 118
