49454
50453
52395
53378
54692
57328
58628
58965
61256
61908
63216
65184
68063
68406
68721
69126
69397
69461
70047
71666
72972
74294
77261
78240
78579
79227
82180
84475
31048
57310
68400
76930
82511
86764
43879
44206
47811
49787
68081
72974
73327
51410
62895
71423
58305
80543
27767
29414
38947
39577
44861
48153
49124
51084
51742
54338
55365
56336
56671
57010
58302
62234
63883
64816
64866
66499
70670
71019
71342
73300
76273
76937
86745
39906
46831
48799
58645
58888
68144
70110
72002
49455
69061
71023
86097
67486
55351
44863
61913
# EOF 89
