67744
63553
29090
41586
48481
50443
51406
54688
56331
56664
57633
58299
58961
60927
67094
71016
72344
72667
74966
78908
83488
41913
45514
53057
56016
57013
58638
66432
68139
71999
73311
88066
43223
50106
57312
60935
59960
79887
60616
85778
61905
27113
29406
36967
37274
37952
41860
42243
46839
47814
48137
50121
51738
53712
55361
55692
56021
57006
57323
57993
59572
60866
61524
61845
63875
66439
67817
68401
68718
69121
69388
70040
72016
73653
74287
76933
78576
39573
39902
52396
61251
61580
64788
70371
71332
73960
40235
53377
62244
68068
69047
88392
63155
# EOF 93
