63877
45512
31052
47161
47494
50770
55350
56010
56997
57316
57986
60281
64855
66430
67487
68390
73648
73979
75624
45199
46180
46503
49793
50439
56983
57659
67750
69453
69780
70043
72330
77259
85783
51400
58650
59623
63543
69066
79881
70035
82838
46495
79557
60878
34674
37944
40239
46835
48472
50113
52380
52731
55038
55686
56324
59953
61516
62898
67087
67751
70439
72008
72660
75944
76610
78566
78895
85764
33015
36325
38600
39246
54043
55347
56011
61191
64461
71007
79224
86436
87080
59291
59861
85788
70034
43876
40213
25153
# EOF 88
