30396
32372
37997
46834
48471
50112
55348
56006
56648
56995
64548
64853
67086
67485
69052
70438
72659
75943
78565
88387
29746
52056
55346
60612
64209
71006
72320
72970
81803
85777
85775
87420
33694
51749
56355
59617
69387
82834
70033
43552
71353
63274
50803
40606
35673
39244
40231
40931
41898
42227
43515
47160
48121
50767
51140
52729
54729
55684
56322
57315
57985
59951
60228
60280
61596
62575
62824
63512
66124
67749
68389
68708
71003
72335
73647
73976
75623
76608
79555
83132
90370
30058
32044
38293
38594
40257
43208
45168
46173
46502
49419
50438
51746
56005
56982
57658
63869
66417
67735
70042
87074
51385
22090
41571
47154
47429
52777
53365
57983
58649
59536
63540
66172
67161
71687
72662
81824
83451
43202
47489
87405
70032
49738
62894
69725
# EOF 125
