80215
82509
58969
47490
30749
32041
42589
49129
51747
52401
53386
55665
57703
58636
58690
60598
61920
62255
63545
63892
64590
64873
68075
68412
70055
71026
71357
71672
73305
74304
76282
77913
100803
29086
43883
58973
67816
78896
54365
62909
72322
90040
54032
85127
66827
65190
27436
70684
29745
33364
37974
38273
41228
42526
43537
44197
44869
45509
46163
48791
51094
51417
52065
52119
53052
54348
56348
56677
57335
57646
58310
59873
61189
61269
62172
64527
66750
68730
69711
70365
71095
72317
72985
74618
77585
81852
82510
86434
86753
27442
37613
37942
40588
53094
53385
56338
57337
64134
64525
68052
70686
71675
90394
34020
35982
42233
45850
60850
72993
78572
30407
45146
54017
29081
56025
# EOF 115
