66498
44204
44533
45518
46170
51097
53055
55669
56353
57338
58315
59290
63555
64530
68141
68737
69714
70368
71676
73626
73955
57342
57980
58975
62229
63218
70693
86106
56658
61246
72342
65192
86756
39561
34327
37619
43178
45186
48795
52069
52404
54041
55004
56683
57648
58643
58980
59241
59883
60196
60605
61193
61867
65123
68078
68794
71029
72995
74622
77587
77922
81854
83162
37615
37950
41549
45842
50761
56340
59243
60220
64537
77912
54368
55014
59233
59947
60858
63215
70702
74626
75942
73310
38923
# EOF 84
