64224
80871
42898
61270
50774
31377
38647
44216
46509
48808
54363
55017
57661
58323
59302
61573
61928
63567
64203
64536
66173
66763
67417
68470
69720
70113
71684
72641
73323
73961
74942
75606
76601
77550
78882
86108
101136
42900
55992
56345
56666
58704
70699
86112
100265
32039
41263
45201
46182
49123
55667
56680
58979
68474
68731
76611
50449
31723
70692
54035
30062
34349
37304
40915
43553
45459
46119
46179
49722
49792
51381
52075
55674
56980
57971
58986
59891
59943
60272
64465
66104
68802
69033
71992
72325
77593
85451
86761
89050
24076
32379
40233
41575
44871
46115
47112
51060
51724
52037
52681
57634
60549
62557
69689
71753
75625
78249
79844
36975
69456
69703
44522
52033
65117
47152
73633
49740
58581
45192
# EOF 119
