63831
58729
14048
15134
15407
20000
23236
24769
25028
25046
51159
53060
53333
53865
54670
55481
56029
56037
56296
56569
56838
58464
59002
59010
59273
59538
60349
60363
61433
61702
61967
61975
62248
62774
63330
63565
63581
63603
63613
63872
64131
64139
64418
64424
64681
65462
65492
65751
65767
65773
66014
66287
66576
66825
66841
67349
68170
68471
69262
69784
70324
14317
23121
23960
27198
51701
54132
58466
60094
60895
61164
61704
63844
64689
64958
65221
67108
67395
67648
69802
70609
23968
26102
53596
54138
54399
54951
55487
56565
57928
59277
60614
60883
61154
61425
63055
63571
64151
65466
66036
67391
67654
67935
70593
70617
62760
15670
60082
63864
66849
59821
64647
62495
64396
62493
67387
63064
24507
14597
12979
13248
14059
14613
14870
14880
15145
15673
15693
15948
16215
16490
18919
23124
23963
24224
24475
24485
51431
51967
53601
54402
55761
57104
57375
58728
58740
59280
60077
60894
61157
61165
61952
62227
62502
62791
63020
63036
63044
63293
63307
63596
63839
63883
64112
64150
64371
64387
64407
64652
64658
65226
66571
67113
67657
12991
13796
14591
15962
48741
53595
56307
58734
59001
59826
61434
64650
65230
65497
66838
68205
65190
13790
25023
52788
55765
58192
59549
62243
62767
63034
64678
65495
66852
52782
60619
62512
60350
62799
54137
54946
58184
62217
64953
63604
12449
53053
55215
63323
66310
54677
64104
63319
# EOF 222
