63033
63322
14319
15132
16214
26375
26907
27186
52520
53329
53600
53863
54136
55222
55493
57103
57374
59000
59008
59269
59279
59542
60347
60618
61965
62499
62772
62790
63043
63063
63292
63314
63838
63880
64111
64119
64149
64370
64406
64651
64657
64679
64691
64952
65223
65731
65743
65771
66002
66299
66839
67371
67385
67650
68204
68453
68724
68740
68981
71418
14590
14863
22967
51430
52237
54144
56306
57107
59825
60365
60634
61977
62794
65229
65496
67102
67357
67379
69260
69533
71149
14325
15136
52787
55764
58468
60899
62240
62519
64101
65203
65494
66851
67899
67933
68973
70611
15672
61431
63575
54947
63595
64645
66309
63035
59817
64673
54945
22623
54674
55214
62766
63306
62491
64936
67120
61701
58188
12993
65766
53324
54129
66585
13517
13798
14330
14595
15404
15420
18377
20268
24493
24768
25312
26916
52780
53059
54400
55480
55759
56036
56568
56837
58463
58736
60093
60356
60892
61163
61709
61974
62247
62492
62508
63329
63849
63869
64138
64417
64423
64923
66569
66575
66848
67111
14328
14601
15149
17297
21817
22632
26382
51700
53332
55492
56576
57379
58465
62522
64381
64640
64688
64957
65220
66854
13786
14882
25033
51158
53591
57927
59545
60613
61153
61424
61954
62795
63570
63863
64146
64963
66035
67390
62759
63594
68470
63054
63602
64413
56297
60081
68201
53868
65188
22891
# EOF 215
