26636
64659
15676
70334
14859
19462
20265
20807
21078
23956
24476
24486
25018
26911
27180
51697
51970
52789
53867
54130
54403
55750
55762
56298
57105
57916
58195
58731
58741
59004
60078
60624
61158
61427
61435
61953
61969
62009
62228
62503
62792
63023
63039
63049
63320
63860
63884
64105
64113
64141
64153
64388
64641
64653
64683
64916
64926
64956
65458
65464
66004
66572
66590
66845
66855
67114
67351
67363
67891
67905
68455
68473
68708
68720
69796
70057
70328
71129
71372
71659
71667
14592
20269
23123
24215
26644
26909
27178
53602
58735
59827
61708
63021
63625
63868
64661
64914
65498
66568
67112
68710
70055
70595
71137
23663
66024
66544
54140
56840
57645
58199
59550
61156
61413
62244
63290
63870
66313
66853
67092
67373
68467
68738
60351
62278
63065
63597
63832
64125
64942
71926
66295
62511
63326
63563
70599
70619
60622
71143
13250
15137
15408
15675
15683
16482
18824
20183
20195
20272
20992
22630
23429
24212
24226
24232
24752
24770
25029
25842
26370
26639
48470
48739
52509
54671
54940
55488
56030
57377
58467
59011
59274
59292
59539
59808
60344
60896
61167
61695
61703
61976
62235
62251
62494
62520
62769
62777
63295
63311
63351
63566
63624
63843
64132
64377
64409
64419
64660
64905
64945
65234
65501
65768
65999
67388
69010
69550
12704
14073
14320
23684
26111
26368
51702
53061
53864
54133
56299
59005
59270
60095
60625
61438
61468
62751
64959
65222
66298
66842
53055
14866
16763
18379
53597
54952
55490
57929
58738
59282
59824
60087
60354
60886
61972
63024
63038
63056
63572
65762
67392
67926
54141
63833
66579
13262
54681
61430
64919
61699
67655
54406
64684
66043
58455
64106
62219
# EOF 266
