59012
62756
62758
18647
64115
65504
16212
19731
21347
24227
24233
26371
52510
53861
54142
54941
55210
55489
56031
58470
59006
59275
59540
60345
60616
60897
61168
61437
61696
62238
62252
62497
62523
62770
62778
63025
63059
63296
63312
63573
63878
64133
64402
64410
64675
64687
64930
64946
64960
65769
66289
67381
68196
68465
68991
69800
71687
14321
15674
23685
25560
26915
51972
53062
53873
54134
56300
57647
59271
60626
62236
62507
64109
64924
65227
66843
67094
67355
69531
70344
70878
71147
53056
53321
58743
59552
60628
60889
61710
62246
63567
63858
63874
64143
64685
65763
67632
54676
60086
63324
63834
64378
66580
64376
64932
62224
52781
58458
62513
63029
65199
66815
63308
62222
63577
67118
67927
67658
53599
63331
60091
14326
14589
14860
14884
15677
15944
15950
24764
25021
26641
27456
51698
51971
52240
53872
54131
54404
55763
56845
57106
57646
58196
58732
59816
60627
61161
61683
61705
61960
61970
61978
62229
62504
63040
63339
63598
63608
63845
64108
64142
64154
64393
64421
64654
65459
66573
66846
68474
13519
14593
18648
20270
21077
24216
26645
53330
53603
56570
57917
59828
62773
63022
63871
64379
64676
65194
65499
67125
65224
66314
15681
24206
57919
58200
63058
63588
63837
64955
66033
66300
66577
67382
68468
58186
60352
61428
63861
64917
59830
62779
54410
63050
22351
# EOF 214
