62490
54944
66817
71145
63067
63569
61971
14594
15403
15945
19998
20267
22364
23661
23699
23970
24482
25022
26112
26373
26642
27457
43045
51699
52779
53325
53594
54411
55491
55758
56035
56836
56846
57109
57649
58187
58197
58733
60074
60355
61429
61439
61981
62011
62274
62487
63041
63328
63601
63848
64137
64147
64382
64422
64649
64677
64920
64950
65187
65460
65729
66574
66584
67353
67367
67624
67893
68433
68441
68475
68971
68993
69244
70338
70597
70615
70876
71374
71406
71936
14327
14596
22362
22631
23171
25576
26381
53331
57378
57918
61192
62521
64380
65195
65500
66831
67128
70073
71123
64663
22619
22898
23934
54672
62234
63318
63591
64145
64384
64962
65231
66034
66301
67100
67662
68200
70067
71661
53052
60092
62782
66847
48712
64643
65753
70348
52783
59815
70884
61162
22348
60891
64669
54135
60079
65772
63835
68472
67386
12977
14057
15131
16213
16773
20988
20996
21255
23120
23170
25290
26914
46852
52792
53862
53874
55211
58999
59007
59278
59541
59822
60346
60617
60888
61169
61689
61697
61707
61737
61962
62225
62239
62498
62524
62757
62771
63026
63060
63291
63305
63313
63353
63574
63610
63867
63879
64110
64118
64403
64411
64656
64931
65770
67109
67119
68203
68466
68739
69279
12706
14862
16775
20735
22851
22901
27185
51429
54143
56305
57648
59272
60364
60633
60922
61966
62237
62793
64114
64680
64951
65228
66844
15942
16753
27183
53057
55757
59543
60629
61711
62518
62763
63847
63875
64120
64405
67932
14878
56566
67384
53322
63052
63859
66581
22080
56295
62781
63030
63590
62544
63333
65186
# EOF 252
