22784
23539
22467
25221
20075
45079
43729
25691
31607
22525
14925
15473
15731
16267
16275
16529
16537
17357
17889
18157
18695
18711
18973
19243
19497
19507
19525
20057
20323
20379
20867
20887
21129
21393
21427
21669
21917
21935
22267
22481
22505
22515
22749
22787
22805
23055
23273
23323
23587
23597
23789
24069
24117
24323
24351
24413
24637
24873
24945
25129
25195
25393
25423
25493
25675
25933
25969
26201
26207
26233
26293
26479
26503
26577
26765
26777
27023
27315
27577
27833
28115
28379
28445
28639
28913
29183
29523
29787
30531
30799
30863
31337
31671
32479
32681
32947
33285
33553
33759
33765
34283
34299
34559
34569
34833
34843
34893
35107
35369
35375
35433
35641
35649
37535
39423
41583
42123
42379
42397
42927
43449
43733
43991
44003
44261
44533
44803
45337
46411
47225
47491
47759
48297
14651
14919
15727
15993
16265
16549
16805
18175
20653
21109
21187
21397
21717
22229
22497
23579
23847
23877
23883
24047
24151
24417
24619
24955
25127
25399
26019
26505
26753
27303
28373
34301
35435
39433
39695
42905
43177
43187
44005
44273
25947
42375
16811
17907
18423
18709
19781
20587
20615
20861
21675
21937
23255
23795
23831
24321
25495
25959
26227
26483
26561
29723
30055
32417
34557
35635
40229
40499
41029
42103
42117
42663
44525
45061
46957
19789
27105
36447
45879
22501
27009
27043
33477
45347
46693
24097
19247
30321
21445
31608
20588
34836
43994
23286
22736
14122
14390
15464
15740
16008
16544
16820
17086
17622
17902
18428
18446
18960
18982
19766
19776
20036
20312
20340
20602
20612
20880
21154
21418
21696
21948
21990
22222
22494
22534
22732
22762
23004
23262
23312
23520
23526
23532
23610
23800
24082
24126
24330
24336
24392
24600
24606
24618
24676
24930
25140
25406
25444
25664
25950
26218
26758
27040
27292
27300
27372
27566
27640
27842
28096
28102
28180
28368
28646
28716
29716
29728
29996
30264
30588
31132
31876
31940
33216
33294
33486
33824
34024
34096
34824
34908
35162
35904
36174
36460
36724
37266
38620
39690
39964
40510
40776
41038
41302
41308
41576
41840
41852
42100
42110
42388
42642
42912
42918
42936
43182
43200
43206
43464
43716
43724
44012
44540
44550
44796
45066
45106
45602
45638
45868
48846
49104
49918
52880
53688
14938
16002
16280
17356
17634
20860
21118
21668
22464
22760
24390
24686
25422
25670
25968
26232
27022
27832
27912
28106
28914
30532
36178
37942
42378
42660
42928
42940
43456
43468
43732
44542
45110
45374
45640
46726
49384
50192
17884
18448
18962
18986
19510
19518
20060
20080
20348
21404
22218
22756
24066
24590
24866
25428
26750
27282
28916
29190
29250
29454
29994
34288
35094
35364
37524
44262
48836
50734
18168
23296
32210
42654
45078
46142
46692
14126
23294
25414
46420
47222
25682
33752
40764
23560
25156
34018
45882
28988
23022
45612
35916
47494
46412
# EOF 451
