34899
26761
40502
46148
24128
19251
41853
36981
43583
20041
23079
40233
15193
15467
15741
16009
17351
17623
17903
18421
18433
18449
18965
19499
19777
19793
19845
20037
20111
20121
20617
20853
20881
20917
21137
21197
21399
21697
21719
21951
21991
22201
22483
22495
22527
22535
22715
22733
22763
23005
23021
23057
23071
23263
23287
23317
23521
23527
23533
23611
23793
23801
24331
24337
24415
24601
24679
24691
24857
25143
25155
25683
25693
25953
26203
26209
26235
26759
26769
27015
27027
27041
27293
27305
27375
27641
27835
27845
28103
28181
28369
28383
28649
28717
28915
29517
29719
29997
30265
30535
31339
31399
31941
32205
32211
34827
35163
35377
35917
36175
36725
36997
37267
38059
38351
38481
39153
39407
39425
39965
40777
40895
41303
41309
41577
41585
42127
42369
42389
42637
42643
42659
42913
42919
43185
43201
43465
43717
43725
43735
44797
45605
46143
48569
15189
15457
16281
16815
17359
18425
18697
18959
20113
21459
21683
22447
22543
22765
23265
24061
24147
24393
24687
24925
24957
25193
25215
25395
25665
26287
27563
27913
28107
30533
30801
31939
36179
36443
38211
40221
40627
41185
41841
42101
42929
43193
43983
44543
45871
48027
48565
16813
18429
19807
19841
20061
20619
20929
21135
21939
22757
23003
23853
25429
25961
26211
26573
27025
28175
28917
29457
30539
32477
32679
33217
34021
34563
35365
40481
45603
45615
46683
49105
23829
43995
46423
36713
42107
26219
19521
40765
19245
45343
17885
30323
33481
25949
34361
39021
42653
21175
25694
24592
20600
21406
21960
50462
26752
35108
44544
49938
14936
15474
16276
16546
17088
17890
18158
18696
18714
18974
18984
19508
19526
19540
19768
20328
20382
20580
20648
21428
21678
21688
21936
22210
22268
22470
22750
22796
23588
23850
24070
24120
24608
24620
24638
24658
24874
24906
25130
25174
25214
25394
25408
25668
25936
26024
26250
26484
26504
26520
26742
27568
27578
28446
28640
29446
29788
30800
31068
32668
32682
32954
33226
33474
33490
33744
33760
34028
34292
34560
34570
34834
34894
35092
35370
35436
35686
35908
36218
36440
36448
37304
39164
39692
39958
40768
41044
41842
42102
42398
42930
43208
43756
44006
44014
44520
44534
44810
44828
44840
45062
45068
45098
45108
45366
45380
45642
46452
46710
46998
47006
47252
47258
47270
47512
48324
49920
49930
51016
51270
51800
52068
52076
52084
52096
52348
16012
16550
17084
18176
19844
20342
20918
21188
21398
22482
23580
23790
23848
23878
23938
24418
24594
24640
25132
25400
25692
25934
26236
26754
27032
27286
27304
27836
28182
28374
31606
31670
34098
34302
35374
38898
42412
42908
43178
43462
43486
43736
44274
45368
46192
46458
47008
47266
47528
48862
49124
50198
51540
52336
52620
18710
22484
25416
14934
18968
19512
19782
20324
21148
22468
22788
23256
23542
23562
23832
24394
24870
25482
25754
26228
26488
27826
29724
32956
33756
34294
34838
35096
35636
36176
36454
39956
41032
41060
41568
41872
42124
43738
44526
44576
44792
45070
45884
46414
46958
47520
47804
22254
23324
32488
35644
44266
47760
20878
22194
20868
25424
24886
24322
25144
46424
24098
47492
42382
33286
45364
25762
29256
47226
54786
44264
21712
# EOF 504
