22748
26757
18179
34287
45077
24855
18177
41027
21153
22499
23017
14381
16007
16533
16543
17085
17355
17635
17901
18165
18443
18719
18981
20347
20601
20611
20645
21695
21933
21947
21989
22245
22449
22493
22503
22533
22731
22761
22993
23029
23065
23261
23295
23595
23799
23881
24317
24335
24349
24391
24597
24605
24617
24685
24889
24929
25139
25405
25467
25749
25767
26231
26309
26575
26775
27011
27035
27291
27299
27371
27565
27639
27831
27841
28101
28177
28451
28643
28985
29715
29727
30263
31131
31669
32747
33485
33755
34023
34297
34565
35373
35639
35903
35915
36171
39961
40509
40893
41037
41301
41307
41315
41571
42367
42641
42907
42935
43205
43447
43461
43723
44531
44539
45065
46141
46409
48295
48567
49103
15469
16001
16547
17905
18445
19767
20859
21449
21667
22221
22529
22759
23865
24421
24607
24865
24947
25421
25669
25967
26501
26745
27021
27573
27649
27921
28105
28377
29447
34571
35703
35911
36173
36993
39689
41045
41855
42377
42911
43199
43455
43467
43731
44541
28909
41857
44277
16807
17895
18961
19233
19505
19517
20055
20315
21673
21915
21931
22213
23067
23293
24079
24101
25149
25411
25427
27039
27843
29453
29993
31875
33489
34835
35091
35363
39687
40775
42661
43719
44523
46955
21417
23519
28367
19797
23859
34555
40757
45877
24125
26217
33823
25491
40227
45345
46419
46691
47219
17887
42385
21423
35383
41319
34013
29526
42116
34904
13860
14930
15200
15462
15472
15738
16274
16818
17620
18156
18426
18694
18972
18988
19242
19506
19524
19536
19788
19810
20056
20322
20586
20866
20886
21126
21392
21426
22190
22740
22786
23000
23524
23586
23608
24062
24080
24116
24328
24662
24872
25128
25420
25674
25690
25940
25966
26206
26478
26502
26748
26764
27280
27574
27914
28114
28378
28922
29182
29786
30322
30530
30862
31938
32208
32680
32686
32756
33742
34092
34282
34558
34822
34830
34842
35106
35114
35392
39158
39422
39688
39696
40240
41582
41836
41850
42108
42122
42376
42396
42648
42668
42926
43180
43196
43472
43730
43986
44260
44280
44802
44816
45104
45336
46436
47758
48028
49652
49924
50466
16278
19498
20338
21396
21952
22260
22496
23578
24134
24350
24416
25126
25142
25398
27302
33830
34032
34300
35434
37536
38632
43186
44004
44272
46140
48848
18440
20614
21694
23788
24064
24372
25946
25956
26226
26472
26772
27104
28654
29188
30860
33206
33476
35654
36190
40498
41580
43990
44256
52878
29452
40772
45878
17364
18980
21400
34636
37824
45076
46154
23322
21966
45610
32478
23828
33748
33284
47224
35648
29718
35918
# EOF 407
