23288
21944
22485
23590
22469
25147
25145
16539
22489
23855
19523
36455
15455
16011
16279
16531
16541
17891
18159
19503
19509
20077
20317
20329
20343
20597
20651
21139
21151
21647
21689
21727
21913
21953
21985
22255
22537
22751
23027
23257
23325
23577
23591
23797
23851
23875
24059
24077
24333
24339
24639
24659
24951
25131
25157
25227
25403
25409
25497
25671
25755
25963
26239
26475
26755
27045
27309
27579
28109
28183
28447
28641
28719
29449
30803
31401
32683
32955
33227
33491
33761
34293
34561
35093
35109
35371
35645
35909
36177
36441
36449
39419
39427
39693
39959
40363
40769
42639
43445
43451
43469
44009
44251
44521
44811
45063
45069
47493
14921
15463
15995
16271
16535
16819
17087
20073
21127
22455
22513
22797
23041
23543
23791
23849
23879
24081
24419
24595
24641
25133
25229
25401
25935
26237
26507
27033
27373
27567
27837
28375
34897
35165
38887
39825
40093
41851
42109
42909
42933
43183
43197
43453
43463
43737
44001
44275
44799
22231
15999
18969
19783
22717
23053
23269
24593
24635
24877
25965
26221
27029
28179
28713
29459
33757
34027
35379
35637
40235
41569
44527
45607
46415
46685
46959
48299
18715
23339
33749
40495
25209
29177
46149
21685
28921
33555
18985
43727
44535
44805
17617
19253
20885
36715
25951
33745
42655
44267
27016
44798
40770
23290
29518
25700
33484
39170
14392
14656
14928
15470
15736
16548
16814
17352
17618
17624
17904
18170
18422
18450
18698
18966
19234
19246
19772
19778
19794
20042
20618
20870
20882
21420
21662
21940
22216
22230
22498
22734
22764
23058
23264
23318
23522
23528
23534
23812
24122
24588
24602
24858
25124
25698
25716
25938
26204
26222
26486
26508
26762
26770
27028
27294
27550
27562
27570
27644
27838
27846
28088
28098
28364
28370
28384
28650
28918
30590
31070
31942
33560
33826
34030
34552
34820
34828
34896
35164
35378
35390
36726
36986
36998
37256
38082
38896
40778
41046
41304
41310
41578
41586
41856
42104
42118
42128
42370
42390
42646
42664
42914
42924
42932
43176
43188
43202
43740
43982
44276
45332
45606
45870
46974
48052
48570
49372
49642
49650
49922
50186
50460
52876
53416
53954
14396
14658
15742
18434
18712
20380
20598
22490
22724
23274
23310
24148
24338
24408
25396
25666
26476
26776
27290
27310
27642
28108
28644
29254
30534
30802
32398
33026
33496
34100
35642
37262
41314
41572
44270
45378
46996
48296
48592
50456
53684
14394
21670
15196
17350
17892
18700
19500
19514
20062
20326
21962
23008
24118
25172
25418
25944
26230
26490
26766
27296
27908
28380
28638
28902
29726
30324
33222
34284
34298
34630
34844
35100
35178
35902
39962
40504
41036
42126
45072
45616
46952
48842
50992
24876
33478
46150
18166
22516
25684
23564
48036
45344
21138
32748
43458
29720
43996
45874
# EOF 440
