45876
40771
44536
46151
23349
26739
42925
34285
23565
26567
14929
15471
15737
16551
16799
17083
17353
17625
17899
18153
18693
18967
18987
19241
19535
19575
19773
19787
19849
20047
20115
20321
20599
20643
20857
20871
20883
21189
21941
22011
22177
22217
22235
22465
23059
23073
23291
23319
23523
23529
23581
23813
24135
24143
24315
24327
24347
24389
24589
24603
24661
24683
25125
25483
25685
25699
25931
25939
26205
26223
26477
26763
26831
27031
27571
27839
27911
28099
28919
29721
30861
31071
31341
32207
32957
33495
33753
34033
34821
34829
34841
35105
35167
36727
38061
38337
38601
38879
38889
39141
39147
39155
39411
39421
40779
41031
41305
41313
41579
41835
41849
42105
42391
42647
42665
42915
43179
43457
43471
43721
43741
43985
44529
44557
44801
45333
46139
46679
48833
49373
15199
15725
15743
16263
16277
18713
20381
20585
20649
21395
22259
22491
23311
23555
23609
24121
24149
24677
24689
25141
25197
25397
25667
26485
26741
27301
27643
28645
29519
34031
34551
34823
35643
36987
37673
38329
38599
39157
41573
42119
42937
44271
48593
15201
17627
18439
18701
19501
20327
20377
21157
21739
21963
22487
22517
23289
23825
24599
25217
25407
25419
25945
25955
26225
27037
28651
28989
29181
33223
34831
36185
36457
36719
37263
37795
38617
40225
41575
41837
42129
42657
43315
43473
44255
44927
45335
46153
46953
47761
17619
19795
21691
28653
45613
47487
21955
28905
33747
40773
44545
30591
35113
41587
24127
22719
24099
28923
41041
45609
23857
18977
35381
45073
43997
34091
22234
24124
29520
43728
35646
26492
28718
10546
14128
14668
15198
16272
16282
16816
17886
17906
18164
18174
18424
18702
18718
18976
19254
19504
19520
20070
20078
20346
20584
21152
21932
22256
22492
22730
22802
22992
23028
23258
23544
23556
23798
23852
24060
24078
24334
24370
24616
24888
24928
25134
25158
25404
25410
25466
25964
26216
26500
26746
26756
27010
27046
27298
27370
27564
28110
28372
28448
28642
29178
31130
31402
31668
32678
33292
33762
33822
34296
34554
34564
34898
35136
35372
35382
35638
35912
35924
36442
36458
38900
39694
39960
41300
41874
42120
42144
42374
42400
42640
42680
42934
42956
43194
43204
43446
43488
43748
44010
44026
44252
44278
44298
44548
45064
45644
45872
45926
46194
46736
46988
47254
47530
47540
47788
48326
48348
48566
48874
49142
49386
50994
51272
51286
51544
52350
52890
54224
15468
17900
18444
19812
20074
20316
21128
21666
21986
22528
22758
22772
23056
23792
23864
24346
24420
24596
24864
24946
25402
25712
25954
26016
26238
26556
27034
27314
27374
27572
27818
28104
28376
32936
35116
35166
35408
35702
35910
36172
38362
38888
39420
40526
41854
42910
43184
43198
43454
43466
43722
44002
44530
44800
45372
46200
46408
46734
47244
47272
48314
48882
28720
16004
17894
18178
19232
19516
19790
20048
21394
21672
21994
23270
23808
24368
24402
24950
25148
26768
27306
27576
27830
28382
33488
34846
35102
35416
36996
39966
41316
43192
43498
43760
43984
44522
45920
46166
46416
46686
46960
48064
48320
50196
53150
21422
27554
34022
40496
44812
45074
49150
51264
28452
29448
40494
22752
21690
44808
42384
33016
35914
23592
42114
29450
35650
52090
# EOF 508
