38228
37924
78357
44905
47213
50254
30036
30303
31433
31742
32860
33426
33735
35586
36529
36806
37107
37382
37589
38235
39345
39614
40192
42743
43795
44146
44604
45276
45575
45782
46165
46416
47279
47476
47534
47753
48313
49234
49439
49551
49987
50266
50844
51950
53092
53204
53776
53852
53907
54770
55344
57228
62033
65136
68791
71216
72625
73155
73564
73845
74387
75234
76402
76631
77504
77769
78084
29458
32884
35698
37037
40178
40774
44881
48526
48809
49670
60667
62856
71509
76075
78313
26656
31443
32858
35134
45015
46888
46968
48018
48285
50382
51125
53495
53927
59254
64285
75535
26550
48112
48835
35046
52648
35693
26368
27805
28096
28626
29457
29750
30595
30880
32002
32319
33156
33993
35149
35430
35966
36275
37652
39065
39565
40141
41046
41887
42447
43041
43304
43591
44424
44998
46128
46361
46628
47830
48687
50094
51234
53488
63162
64832
65400
66829
70097
74103
74952
75793
76357
76927
78031
30894
36821
39651
39912
41036
49157
52802
54335
68792
70910
74394
76913
28664
29184
32281
37965
46319
46702
47840
63991
73258
64567
69079
37116
37399
78324
74687
40454
42176
# EOF 180
