35117
35997
45459
56949
30869
28531
28619
29741
31176
31732
31999
32310
33990
34837
35421
35963
36798
37099
37376
37647
39062
39606
41334
42183
42739
42936
43034
43299
44734
44991
45226
45726
45860
46123
46159
46356
46621
47004
47689
47749
48305
49435
49662
50587
51592
51683
53086
53367
53772
57509
62880
63430
64827
65132
65397
65700
65979
66549
69821
74381
74498
74947
75268
75527
28617
30885
35467
35692
40768
45192
47769
54471
56444
76248
77785
78036
78311
36553
37392
37938
42470
43510
48000
62314
64267
67675
74375
74674
77795
32852
66820
64562
34580
67960
76352
46310
78608
48251
47773
68237
28632
41831
35418
43306
47832
26085
27225
28345
29216
30033
30591
30876
32596
33146
33417
34268
35143
35685
36267
36526
37959
38517
39649
39914
40137
40984
43585
44643
44944
45514
45566
46070
46905
48583
48681
48888
49542
50088
50303
51230
51417
51977
52543
52647
63995
74005
74095
75229
76921
77202
77766
78075
26960
28371
30332
32875
35113
35976
36809
39613
39896
42467
42947
45436
47487
62851
64852
73977
74976
75261
76072
49458
29471
35711
36271
37100
38521
44386
45008
50018
51670
67393
76092
78073
49739
75534
44354
47260
# EOF 188
