32855
63990
75533
40453
37113
26666
27967
30301
30594
30879
31738
32001
33155
33992
34273
35148
35965
36274
36742
36800
37651
37966
38528
39064
40190
41045
42187
43040
43301
43590
44359
44736
44895
46163
46627
47006
47827
48002
48307
49387
49549
49736
50747
51233
51594
52805
53371
53487
59535
62318
63161
64566
64829
65399
65704
65985
66238
69074
70630
74100
74385
74951
75232
75270
75792
76356
76926
78028
78078
28621
39911
40770
44054
49344
53646
54334
55593
58425
70909
74389
76617
64281
30895
35130
37956
38227
43317
45509
45752
47839
53483
53573
72591
75975
40140
47273
41055
51117
76097
66824
46701
47418
26654
73255
50369
26089
28622
29224
29744
30035
30637
31432
31482
32602
33425
33732
35691
36528
37104
37381
38226
38802
39611
41301
42939
44143
45568
45729
45781
46126
46415
47210
48589
48685
49167
49233
49438
50556
53775
53958
54337
65135
68790
69776
73154
73563
76094
76630
77210
77465
77503
77768
78354
26962
30890
32877
35695
36811
40964
41582
45225
50022
56158
62853
64553
75687
76074
31434
32857
44591
45014
49466
74378
78081
78318
37923
47475
62032
29481
34583
37397
67678
35717
36281
51788
39344
42742
49795
# EOF 188
