37926
37082
66808
34297
63149
47490
26650
28338
30028
31728
32304
32846
33141
33713
34829
35138
36244
36517
36836
37093
37318
38845
39010
42177
42384
42735
43532
43580
43885
44453
44925
45168
45766
46059
46350
46651
46721
46998
47201
47253
47456
48128
48411
48580
49272
49431
49537
50083
51677
53768
54057
59274
60062
61188
61233
63988
65126
65975
72039
72876
73827
74367
75519
75557
75842
76244
76659
76914
77199
77759
29751
30584
31086
35106
37719
39331
45788
46157
49535
50948
54904
55876
69815
70098
73263
74112
75680
56678
32023
32577
33721
41336
43592
45003
45595
45864
47410
49543
67113
74662
76922
78929
38215
35983
70491
26937
51227
78887
28625
26941
63720
37373
31751
30025
36536
42457
31173
32036
33413
33985
35416
36307
37953
39057
39290
39332
39908
40177
40492
40767
41620
41825
43031
44348
45853
46405
46899
48884
49155
49823
50393
51138
61749
64557
65392
65695
66544
68232
73539
74089
74677
75414
76080
78065
26944
35681
36556
36797
39603
42186
47407
47758
48041
48400
52523
68513
30870
28939
31163
35394
35701
36259
38499
39890
46355
47561
47820
49719
64858
65420
67389
74113
75524
78045
78601
37371
45504
45556
50943
78605
35998
77788
33451
34569
39013
40125
65691
# EOF 197
