47205
76077
27684
30024
30867
31172
32587
33980
34825
35136
35991
36306
36565
36832
36999
37370
39289
39907
40491
41489
41619
42175
44632
45451
45852
47127
48126
48301
48883
49154
49722
49822
49973
50386
51137
52640
53080
56108
61748
64556
65391
65694
68231
72037
72874
74676
76079
77757
78596
26943
27122
36555
36796
38811
41904
42185
46143
47741
48040
48399
49266
49830
50930
51936
52522
53375
53571
58360
68512
69078
71467
72806
73669
75832
76398
54497
31158
31746
32015
32575
35688
37077
39323
43584
45001
45204
47817
47986
48981
49447
49539
64857
65407
65688
73825
78600
78885
73821
34293
35971
54697
36254
37366
38496
51225
73538
67105
54984
74973
33140
26398
26649
26936
27528
27785
29792
30615
31727
32030
32303
33449
33712
35671
36241
37092
37317
38210
39009
39330
40171
40424
40759
42383
42732
43324
43531
43579
43884
44452
44721
44920
45502
45719
45763
46349
46403
46720
46897
47200
47252
47742
48613
49099
49536
50291
50833
54056
63148
63987
64856
65119
66536
71745
75410
75518
76654
77196
77491
28339
28941
37162
37718
40486
45787
49534
51411
70627
74111
75257
75679
77090
26938
28624
33710
36534
39003
40703
41331
45476
46064
47485
47557
50106
74105
74657
76917
77782
78928
34557
35414
43029
37925
66550
70904
46148
47455
65974
# EOF 207
