10169
3653
9695
10945
11901
12061
12207
12373
13011
4429
7903
8911
8995
9153
9377
9469
9693
9841
9851
10157
10629
10953
11103
11277
11575
11585
11741
11899
11913
12371
12539
12693
12845
14193
1919
9007
9069
9247
9939
10249
10801
3801
11596
3488
7412
8204
9380
11420
11432
11744
12686
1450
2548
10646
970
1284
1766
2072
3494
4110
4274
6310
6316
7104
7262
7404
7416
7732
8216
8514
8616
8754
8828
9090
9220
9560
10470
10638
10784
10792
10966
11264
11418
11426
12054
12210
12218
12524
3326
3804
6468
7740
7876
8278
8356
9874
10032
10478
10650
10956
11108
3646
12841
# EOF 103
