11593
9527
10963
11583
11747
12065
12379
12533
12689
11435
1761
2541
8749
9085
9449
9857
10173
10329
10625
10787
10803
11423
11733
11907
12073
12205
12213
12223
12363
12839
12851
3497
8055
8435
8679
10633
10783
10809
12216
1910
3020
6314
7106
8032
9996
10034
11280
11908
10012
11428
11732
1440
1922
3482
3796
6312
6470
6624
6636
7256
7264
7276
7558
7718
7728
7746
7882
8186
8350
8594
8984
9696
10180
10314
10472
10480
10640
10794
10948
11110
11266
11580
11750
11890
12056
12376
12528
3960
7354
7402
7588
8752
8912
9298
9866
10310
11898
# EOF 97
