1,65
1,79
1,86
1,87
1,90
1,92
1,93
1,164
2,69
2,79
2,86
2,87
2,92
2,143
3,68
3,69
3,74
3,80
3,82
3,87
4,67
4,68
4,69
4,75
4,80
4,88
4,179
5,39
5,63
5,68
5,69
5,73
5,85
5,88
6,62
6,69
6,70
6,73
6,74
6,75
6,76
6,81
6,83
6,84
6,86
6,127
7,68
7,77
7,78
7,82
7,83
7,84
7,85
7,86
8,61
8,62
8,65
8,66
8,67
8,68
8,72
8,73
8,74
8,75
8,76
8,79
8,82
8,84
8,123
8,183
9,36
9,62
9,63
9,64
9,67
9,68
9,69
9,70
9,71
9,72
9,73
9,74
9,75
9,76
9,77
9,78
9,84
9,86
9,126
10,29
10,31
10,37
10,44
10,60
10,61
10,62
10,64
10,65
10,66
10,68
10,69
10,70
10,73
10,74
10,75
10,76
10,77
10,83
11,24
11,36
11,43
11,61
11,62
11,63
11,64
11,65
11,66
11,68
11,69
11,70
11,71
11,72
11,76
11,77
11,78
11,79
11,80
12,25
12,29
12,33
12,35
12,59
12,60
12,61
12,62
12,63
12,66
12,67
12,71
12,72
12,74
12,75
12,76
12,77
12,78
12,80
12,88
12,115
13,59
13,60
13,61
13,67
13,68
13,69
13,71
13,72
13,73
13,74
13,77
13,78
13,82
13,86
13,87
14,27
14,29
14,30
14,33
14,37
14,59
14,60
14,61
14,67
14,69
14,70
14,71
14,73
14,75
14,77
14,79
14,83
14,107
14,129
15,26
15,28
15,30
15,32
15,36
15,38
15,59
15,60
15,65
15,66
15,67
15,73
15,76
15,81
15,83
15,134
16,29
16,35
16,39
16,58
16,59
16,61
16,62
16,65
16,66
16,67
16,68
16,69
16,78
16,79
16,80
17,36
17,38
17,58
17,59
17,60
17,61
17,63
17,64
17,65
17,66
17,67
17,68
17,69
17,73
17,74
18,27
18,29
18,37
18,39
18,56
18,57
18,58
18,65
18,66
18,67
18,68
18,70
18,71
18,75
19,30
19,57
19,60
19,61
19,62
19,72
19,76
20,28
20,33
20,35
20,37
20,53
20,54
20,57
20,58
20,59
20,60
20,61
20,69
20,70
20,71
20,74
21,28
21,36
21,38
21,42
21,52
21,53
21,54
21,60
21,64
21,68
21,70
21,72
21,82
21,88
22,41
22,43
22,44
22,45
22,48
22,49
22,50
22,51
22,52
22,53
22,55
22,58
22,59
22,60
22,62
22,65
22,69
22,70
22,72
22,73
22,74
22,79
22,80
23,26
23,36
23,44
23,46
23,48
23,49
23,50
23,51
23,53
23,55
23,58
23,59
23,60
23,61
23,62
23,64
23,66
23,69
23,72
23,73
23,76
23,82
24,25
24,41
24,45
24,47
24,49
24,50
24,51
24,53
24,55
24,58
24,61
24,62
24,63
24,67
24,68
24,72
24,73
24,78
24,79
24,81
24,82
24,84
24,97
24,100
25,24
25,26
25,36
25,44
25,47
25,48
25,49
25,50
25,51
25,53
25,56
25,63
25,64
25,65
25,66
25,67
25,68
25,72
25,73
25,77
25,79
25,80
25,84
25,99
26,25
26,37
26,39
26,45
26,48
26,50
26,51
26,52
26,53
26,54
26,59
26,61
26,62
26,64
26,65
26,67
26,69
26,79
26,80
26,81
26,98
26,99
27,26
27,35
27,38
27,39
27,40
27,44
27,48
27,49
27,50
27,52
27,53
27,54
27,55
27,56
27,58
27,59
27,60
27,61
27,62
27,64
27,65
27,66
27,70
27,78
27,79
27,96
27,100
28,35
28,37
28,44
28,45
28,46
28,47
28,49
28,50
28,51
28,52
28,53
28,54
28,55
28,58
28,59
28,62
28,63
28,64
28,65
28,66
28,75
28,77
28,79
28,101
28,118
28,183
29,36
29,44
29,45
29,46
29,49
29,51
29,54
29,55
29,56
29,59
29,60
29,61
29,62
29,63
29,65
29,66
30,41
30,44
30,45
30,46
30,48
30,49
30,52
30,53
30,54
30,56
30,57
30,58
30,59
30,60
30,62
30,63
30,64
30,65
30,67
30,69
30,73
30,99
30,109
31,40
31,41
31,42
31,43
31,44
31,45
31,46
31,47
31,48
31,52
31,53
31,56
31,57
31,58
31,62
31,64
31,65
31,66
31,67
31,68
31,69
31,108
31,184
32,41
32,42
32,43
32,45
32,47
32,53
32,54
32,55
32,56
32,58
32,61
32,62
32,63
32,64
32,65
32,66
32,68
32,69
32,101
32,102
33,43
33,44
33,47
33,48
33,51
33,52
33,53
33,54
33,56
33,58
33,61
33,62
33,63
33,66
33,67
33,68
33,69
33,94
34,43
34,45
34,46
34,47
34,48
34,51
34,52
34,54
34,55
34,57
34,58
34,61
34,62
34,63
34,66
34,67
34,68
34,69
34,70
34,101
34,103
34,107
35,43
35,46
35,47
35,48
35,51
35,52
35,54
35,57
35,58
35,59
35,60
35,61
35,64
35,65
35,67
35,68
35,69
35,70
35,106
36,42
36,51
36,52
36,53
36,54
36,56
36,57
36,58
36,59
36,61
36,62
36,63
36,64
36,67
36,68
36,69
36,70
36,71
36,72
36,73
36,74
36,97
36,103
36,113
37,41
37,43
37,52
37,53
37,59
37,60
37,61
37,64
37,65
37,66
37,67
37,68
37,69
37,73
37,74
37,76
37,78
37,80
37,96
38,46
38,59
38,62
38,63
38,64
38,65
38,67
38,68
38,69
38,70
38,71
38,72
38,73
38,75
38,77
38,79
38,81
38,83
38,107
38,109
38,161
39,41
39,53
39,59
39,63
39,65
39,66
39,67
39,70
39,72
39,73
39,76
40,42
40,48
40,59
40,63
40,64
40,66
40,67
40,69
40,70
40,71
40,105
40,123
41,41
41,43
41,49
41,57
41,59
41,60
41,61
41,62
41,63
41,64
41,66
41,67
41,68
41,69
41,71
42,58
42,62
42,63
42,64
42,65
42,66
42,68
42,69
42,70
42,71
42,72
43,55
43,57
43,59
43,62
43,63
43,65
43,66
43,67
43,68
43,69
43,70
44,36
44,62
44,63
44,64
44,66
44,67
44,69
44,70
44,71
44,72
44,73
44,74
45,37
45,56
45,57
45,61
45,62
45,64
45,65
45,66
45,68
45,69
45,71
45,72
45,73
45,74
46,56
46,57
46,58
46,61
46,62
46,63
46,64
46,65
46,66
46,68
46,69
46,71
47,56
47,57
47,58
47,59
47,60
47,61
47,62
47,63
47,68
47,69
48,56
48,57
48,64
48,65
48,66
48,71
49,55
49,56
49,58
49,59
49,64
49,70
50,55
50,56
50,57
50,58
50,59
50,61
50,62
50,63
50,71
51,54
51,55
51,56
51,59
51,60
51,61
51,63
51,68
51,72
52,59
52,63
52,64
52,65
52,66
52,67
52,68
52,69
52,71
52,73
53,54
53,57
53,68
53,70
54,53
54,71
60,42
63,34
70,31
71,34
72,35
72,37
73,22
73,25
73,27
78,33
81,42
82,35
82,41
83,30
83,33
84,29
84,35
85,30
85,32
85,34
86,27
86,29
86,31
86,35
86,41
86,45
87,29
87,35
87,36
88,35
88,41
88,43
88,45
89,41
89,47
90,46
90,48
92,41
92,42
92,43
92,47
92,57
93,40
93,41
93,42
94,45
94,46
94,73
95,40
95,45
95,46
96,43
96,44
96,45
97,54
98,51
98,53
98,55
99,39
99,50
99,64
99,113
100,40
100,53
100,73
101,50
102,32
102,53
102,90
102,96
102,118
102,120
103,37
103,42
103,44
103,52
103,87
103,97
104,32
104,34
104,36
104,39
104,45
104,53
104,55
104,73
104,88
104,90
105,46
105,52
105,54
105,85
105,89
106,41
106,45
106,47
106,55
106,57
106,90
107,32
107,58
108,47
108,55
108,59
108,92
108,178
109,60
109,93
110,61
110,92
111,79
112,78
112,166
113,77
113,79
115,75
116,73
116,74
117,74
117,79
118,73
118,74
118,75
119,76
120,74
122,74
122,75
159,62
161,62
161,64
164,189
169,58
169,60
170,57
171,56
171,58
171,62
172,61
172,75
172,77
173,76
173,80
174,57
175,54
175,56
175,80
176,81
177,78
177,80
177,82
178,81
179,82
180,51
180,65
181,66
181,68
182,65
182,67
182,78
183,64
183,65
183,66
183,77
184,63
184,64
184,65
184,66
184,68
184,70
184,78
185,59
185,60
185,62
185,66
185,69
186,59
186,60
186,69
186,70
187,58
187,61
187,62
187,63
187,65
187,66
187,68
187,69
187,71
188,50
188,58
188,59
188,60
188,61
188,62
188,66
188,68
188,78
188,82
189,52
189,58
189,64
189,66
189,67
189,68
189,70
189,71
189,72
189,79
190,52
190,53
190,56
190,60
190,68
190,73
190,79
190,80
190,81
190,82
191,52
191,53
191,54
191,55
191,56
191,63
191,77
191,78
191,79
191,81
191,82
191,189
192,50
192,52
192,53
192,54
192,56
192,57
192,58
192,70
192,71
192,76
192,78
192,79
192,80
193,51
193,54
193,55
193,56
193,57
193,58
193,59
193,71
193,73
193,78
193,79
193,80
194,50
194,52
194,53
194,60
194,61
194,73
194,74
194,75
194,79
195,49
195,52
195,53
195,56
195,60
195,61
195,68
195,73
195,74
195,75
196,40
196,47
196,53
196,57
196,60
196,61
196,65
196,66
196,70
196,71
196,72
196,75
196,80
197,45
197,47
197,50
197,55
197,57
197,60
197,61
197,62
197,64
197,65
197,66
197,72
197,73
197,74
197,76
197,78
198,37
198,45
198,46
198,47
198,50
198,55
198,56
198,57
198,58
198,60
198,63
198,67
198,68
198,69
198,71
198,72
198,79
199,30
199,31
199,32
199,33
199,35
199,40
199,44
199,47
199,52
199,54
199,55
199,57
199,58
199,64
199,65
199,66
199,67
199,69
199,70
200,32
200,33
200,34
200,35
200,37
200,39
200,45
200,46
200,47
200,48
200,51
200,53
200,54
200,56
200,57
200,58
200,59
200,60
200,65
200,67
200,68
200,69
200,75
200,76
201,32
201,33
201,34
201,38
201,40
201,43
201,44
201,45
201,46
201,49
201,50
201,51
201,54
201,58
201,59
201,63
201,64
201,65
201,66
201,67
201,68
201,73
201,75
201,76
201,182
202,41
202,42
202,43
202,46
202,50
202,55
202,59
202,64
202,66
202,67
202,68
202,69
202,70
202,71
202,72
202,73
202,77
202,88
202,92
202,179
203,39
203,40
203,41
203,42
203,43
203,44
203,45
203,50
203,51
203,52
203,53
203,54
203,58
203,61
203,63
203,64
203,65
203,66
203,67
203,69
203,70
203,71
203,76
203,87
204,34
204,39
204,40
204,41
204,42
204,43
204,46
204,50
204,51
204,52
204,53
204,61
204,63
204,64
204,65
204,67
204,68
204,69
204,70
204,71
204,74
205,16
205,34
205,35
205,44
205,45
205,51
205,62
205,64
205,65
205,66
205,69
205,70
205,71
205,72
205,73
205,74
205,78
206,43
206,44
206,45
206,54
206,59
206,64
206,67
206,69
206,72
206,77
206,79
206,91
206,93
207,21
207,22
207,42
207,43
207,44
207,45
207,48
207,59
207,69
207,71
207,87
207,89
207,93
208,11
208,22
208,44
208,48
208,49
208,57
208,58
208,59
208,60
208,66
208,67
208,68
208,72
208,73
208,80
208,85
208,87
208,88
208,95
208,97
209,13
209,23
209,39
209,46
209,47
209,48
209,59
209,60
209,64
209,66
209,67
209,68
209,78
209,86
209,88
210,37
210,40
210,52
210,58
210,65
210,66
210,67
210,77
210,78
210,87
210,89
211,15
211,35
211,36
211,40
211,41
211,87
211,88
211,181
212,35
212,40
212,41
212,43
212,44
212,45
212,48
212,49
212,50
212,53
212,56
212,58
212,61
212,64
212,65
212,67
213,35
213,36
213,37
213,40
213,41
213,43
213,44
213,46
213,48
213,54
213,55
213,57
213,64
213,99
214,17
214,38
214,39
214,41
214,42
214,44
214,48
214,56
214,57
214,94
214,98
214,99
214,185
215,16
215,35
215,36
215,37
215,38
215,39
215,40
215,41
215,42
215,44
215,45
215,49
215,53
215,56
215,58
215,62
215,93
215,95
215,98
216,8
216,9
216,25
216,26
216,35
216,38
216,39
216,45
216,51
216,56
216,83
216,92
216,94
216,98
217,8
217,23
217,33
217,40
217,42
217,43
217,44
217,45
217,95
217,96
217,98
218,12
218,26
218,29
218,32
218,33
218,34
218,40
218,41
218,42
218,43
218,44
218,45
218,85
218,87
218,96
218,97
219,21
219,22
219,23
219,38
219,40
219,42
219,45
219,94
219,96
219,97
219,98
220,22
220,29
220,39
220,96
221,13
221,21
221,22
221,23
221,92
222,22
222,23
222,25
222,34
222,93
222,102
223,23
223,34
223,89
224,34
224,35
225,34
226,1
227,46
230,73
230,177
231,46
232,175
234,172
237,40
237,56
237,58
237,61
238,37
238,61
239,27
239,34
239,61
239,64
240,59
240,61
241,27
241,58
241,59
241,61
241,62
241,64
242,59
242,64
243,30
243,32
243,34
243,60
243,61
243,63
243,64
245,38
246,53
253,44
255,50
