22630
18058
11562
12396
12958
14984
15542
15820
16006
16394
17192
17362
17496
17740
17930
17972
18326
18850
19130
19314
19432
19576
20512
21342
23828
27914
10186
14150
16004
16806
17474
19872
20508
22188
24584
32992
9900
14982
15272
15562
20788
20980
23000
24856
17096
20798
4088
7998
17734
7843
10055
12221
12671
12837
13875
14703
15265
16647
18029
18601
18761
19677
20143
20231
21061
14785
14985
16379
18209
18335
18577
18769
19019
19147
20137
21339
24101
27365
32145
12765
15835
19421
21057
15437
28005
10271
