12946
18320
7698
7770
8602
10042
10554
11982
12496
13048
13238
16098
16386
16928
17482
17772
17966
18016
18592
18878
19304
20896
23570
25410
25966
26808
27250
11724
13792
14608
18310
19434
21070
50904
4370
9762
9986
11646
11998
12112
13604
14218
14316
14434
16660
19404
22730
25138
28754
12210
17458
22072
11049
4917
8325
9655
9781
9935
9985
10197
11871
11943
12829
13329
13665
14619
15153
15427
15467
15535
15841
16031
16637
17185
17221
18051
18165
18225
19165
19423
20701
21817
22061
22615
22905
23169
24675
25227
26901
27173
28003
32713
39891
49807
49869
51737
52795
4915
8951
10595
11155
12211
12535
14439
14911
16545
17187
19131
20603
23571
51253
13247
14093
16533
18219
50351
19061
20433
22175
36293
26261
