8398
10266
10316
10462
11846
12004
12402
12678
13218
13392
13782
13892
13940
14430
14598
14710
14874
16656
17418
18036
18570
19138
19690
20150
20244
20418
21248
21614
22638
27638
31678
33620
42778
6870
9920
12682
14156
17092
18032
19046
24378
48428
8272
12476
12562
12940
14052
16368
19674
22450
24666
27910
46922
49966
25154
11290
20243
8106
8787
9497
9959
10819
11571
12719
13599
13825
14325
14991
15183
16239
16361
16559
16807
17141
17201
17371
17461
17753
18291
18861
19035
19395
19851
19989
20521
20681
21781
22185
22441
22923
23489
24031
24865
26343
28287
29677
31609
33001
33559
34389
38505
48985
51541
9759
10215
10507
11061
11285
12115
13115
15163
16237
16643
17485
18587
19151
21645
24951
51543
781
10737
12277
12409
15171
16915
17649
17765
19985
20821
25975
33283
20973
50979
23013
15715
12657
