19594
19598
4100
9504
10334
10474
11972
12286
12488
13494
13788
15564
16374
17210
17388
18204
18250
18484
18582
18868
19152
19408
19706
19860
20692
20820
21260
22094
23554
24658
25708
28478
33066
48432
11088
11574
13496
16102
16912
17752
18612
18854
20246
26246
28476
9506
13314
14616
15980
16930
50626
14605
12687
15451
6445
7505
9921
11333
12131
12421
13229
13609
14335
14659
15413
16531
16577
16671
16861
17113
17471
17759
18043
18105
18735
19047
19495
19999
20165
20427
20535
20981
21081
27643
27731
33281
34355
35189
50903
52093
4095
6579
8831
10063
11319
11667
11851
12771
12959
14383
15477
16267
17369
18293
18465
19413
20453
26907
28843
50997
10065
13827
15747
17067
17667
18195
19121
20509
21005
21349
21635
23841
24039
2427
23555
49537
7425
