20796
7996
8120
9490
9896
10000
10572
12222
12554
12674
12786
12838
12960
13340
13388
13876
14320
14704
15268
16110
16556
17194
18602
18762
18852
19678
19974
20234
23830
26972
10810
11446
12672
14986
15840
18210
18578
19148
20148
20522
21340
24106
26694
27366
48156
49692
52822
7780
13386
17378
19438
25964
21527
29675
23279
28567
15435
18765
8055
10057
10259
11707
12165
13251
14355
14987
15439
15545
15821
16649
17137
17363
17413
17497
17691
18031
18329
18467
19133
19315
19435
19577
19631
20513
20715
22075
23485
25691
27185
27915
28753
29403
30225
36025
51277
7845
9897
11019
12101
13241
13873
14151
16005
16391
16809
17475
18785
19349
19501
22199
24585
37411
12935
3533
9681
14983
17637
17741
20233
22103
22653
24863
28009
29125
50063
8935
16263
25151
21067
10825
12767
10275
