6594
4098
7822
9502
9800
9918
12126
12230
13226
13786
14438
14996
15704
16662
16814
17208
17468
18482
18866
19040
19400
19590
20424
21254
21620
21790
21896
22352
22646
23208
24588
27726
43612
3820
6316
7566
8674
9778
10060
11086
11838
12130
12392
16910
17498
17746
18248
18604
20544
31410
7722
14066
18296
19864
21632
24380
25870
7276
21798
26420
12486
17780
48300
4644
12665
20258
10047
7503
9637
10537
11439
11659
11721
11849
12407
12685
14063
14331
14717
15449
17107
17379
17757
18041
18245
18299
18521
18575
19143
19339
19703
20599
20729
20813
21147
21367
21503
22089
26349
27641
35187
7229
11297
11561
12949
14059
14885
16265
17095
17347
26897
33269
49815
50425
50995
1329
14585
14933
16925
17407
18937
19997
20707
23307
24109
26627
50083
11577
14367
16311
19695
12417
20995
11185
