19414
20430
3264
6998
9228
10188
10598
11674
11978
12200
12760
13322
13506
14340
16264
16378
17216
17478
18312
18488
18588
19710
19870
20696
20892
21908
22366
49684
6592
6950
9064
9430
9990
10742
11108
12774
16920
17414
20266
22076
22998
23182
35464
44428
48304
8054
10472
11554
11980
17220
18212
19298
21360
47472
6866
12208
13224
9249
46372
7830
16939
18875
9433
13491
10765
7419
7973
8599
9401
11281
11451
11595
12425
12493
12941
13095
13405
14503
15063
15199
15837
15983
16027
16537
16913
17345
17613
17763
18047
18747
19157
19301
19957
20131
22999
25713
27735
34361
44913
49865
51261
51731
12973
15055
15263
16281
18301
18871
19119
19427
19595
20593
20785
21225
34357
50893
7215
8825
11885
14713
15205
26535
29405
12383
12717
16519
22611
50639
21721
9157
10547
49789
