16087
9636
11576
11848
12116
14330
14716
16658
17106
17464
18038
18480
18572
18770
19702
19854
20420
20524
24102
27450
27640
9620
11296
12684
14718
14872
17094
22354
10294
16376
17776
19686
21900
22460
13058
18284
20700
17207
19993
6871
10173
10465
10821
12281
12681
13601
14433
14877
14995
15965
16367
19037
19323
19397
19991
21617
21895
22189
22351
22449
24587
28289
31615
8673
9343
9767
12015
12129
12391
13125
13331
15619
16241
17495
18247
18603
19401
20543
27089
8671
8875
10541
11099
12955
15611
16173
17285
17657
25983
