14620
17412
19390
12032
12622
17252
20160
14152
12022
12964
13094
13382
13556
15530
17102
17874
18024
18648
18928
21230
21358
13570
17406
14306
16958
11558
11866
11884
12024
12040
12460
12482
12616
12658
12784
13080
13380
13416
14610
14916
14930
16804
16942
17104
17246
17414
17422
17868
18170
18490
18634
18640
18774
19264
19574
20940
21060
21094
21228
21378
21984
22148
22300
22448
22712
12020
12492
12802
13248
13386
13418
15528
18494
18788
18940
19734
19866
20464
21226
21942
21992
22146
20620
17571
18333
21331
12771
13223
15529
15573
16337
16493
16649
16955
17261
17555
17565
17575
17707
17721
18013
18023
18035
21789
22573
22865
22911
14917
15071
15879
16185
16651
20083
22455
22577
# EOF 115
