13392
19420
16192
11886
13078
15392
16800
17556
18174
18488
19858
12186
21944
11556
12036
12174
12480
12642
12650
12922
12934
13112
13402
13554
13864
14158
14172
14332
14616
14912
16646
17418
17548
17862
18030
18638
19240
19402
20472
20762
21682
22446
22750
12486
12644
13110
13232
13414
14310
15564
16950
17718
17870
18036
18620
18952
20462
21380
21684
21990
22144
22424
22608
13562
12007
17863
17713
12933
16343
18329
19617
22713
13227
18641
12157
12781
13231
13385
14607
14757
15723
16801
16951
17113
17259
17409
17563
17717
18021
18483
21989
22453
22561
22571
13079
16341
17561
17923
18487
18543
21837
22303
# EOF 102
