12184
14028
18778
19256
21840
11554
11874
12034
12180
12310
12326
12350
12462
12494
12628
12638
12648
13082
13224
13552
13712
13846
13858
13870
14454
14636
14760
14768
14932
15070
15372
15544
16322
16494
16644
16944
17560
17576
18014
18322
18492
18768
18798
18942
19238
20036
20156
20766
20920
20942
21382
22116
22302
22754
12172
12950
13108
14022
14764
14918
15224
15880
16186
16338
16498
18188
18342
18498
19422
19852
20004
20158
20614
21528
19116
18480
13256
22563
17253
22111
12617
12929
13381
14153
15219
15729
16339
17107
17407
17415
17567
17709
17869
18171
18479
18635
21633
21985
22149
22575
22903
12461
13387
15725
16797
19917
21227
21993
22139
22147
18027
18028
# EOF 112
