24071
44346
36781
15954
11975
12033
12583
12631
12886
12934
13835
14429
14477
14734
15340
15958
17174
17772
18069
18362
18396
18695
19277
20184
22927
23222
24101
24424
24721
25022
25608
26246
27398
28064
30161
30765
31622
31927
33131
33430
33749
34365
34969
35930
36237
37104
39482
41043
42540
42849
45265
45859
46463
9898
12338
13247
15679
23190
23511
23766
25331
25638
26802
28367
30424
32573
33203
34644
35320
36839
39486
39789
14736
17463
19301
20509
22628
27711
28913
29826
30783
31092
31331
32886
33195
33801
36524
37134
37714
38308
38944
40756
44645
16259
27456
43752
11078
35276
37718
11987
17154
23204
34973
42229
41337
23530
36507
11436
12333
13222
14165
15648
16551
16886
17452
17504
17811
18106
19005
19316
21124
22318
22597
23480
25316
25892
26205
26510
26548
26791
26829
27096
27136
27997
28603
29885
30004
30114
30433
31332
32283
32548
32853
33200
34119
34414
35018
35887
36182
36842
37426
38303
38454
38646
38921
39660
39828
40422
41161
41343
41646
42951
43139
43258
44058
44347
45359
56746
9572
10176
11081
11432
12889
13868
17492
18682
19003
19888
20516
21672
22294
22577
24112
25013
25910
26193
34410
35600
38042
40733
41929
42838
44149
10830
19886
15074
17799
20203
21100
21425
25025
25595
26532
27399
29408
30467
31942
36228
36826
39838
21411
23803
25936
30483
40159
41939
28324
19579
20815
38010
28926
39188
42058
16565
# EOF 224
