32590
24388
23228
12298
12637
14738
15348
15962
16554
17509
17776
18109
18366
18703
19285
20802
22006
22562
23178
23537
23812
24111
24432
24737
25321
25899
26212
26250
27149
28608
28650
29806
30488
30771
31074
32553
34030
36516
38607
38651
39488
41051
41348
42231
42550
10821
12587
13516
15035
16249
18701
19273
20192
21370
21711
23208
26226
26848
30715
32585
33428
34674
35619
35876
37084
40130
40744
44352
44964
55250
42255
18063
21117
22010
25612
33444
34995
35290
35549
35920
19899
15980
17481
25032
27719
33199
34349
37676
18675
25295
26543
27416
41934
17164
24685
28927
20503
32290
38311
31643
20191
9634
37723
19900
10244
10822
11386
11984
12339
12941
13238
13840
14125
14438
15652
16844
16894
17179
17462
18072
18403
19013
19587
21417
21682
22326
23225
23484
24371
25033
25611
25944
26514
26797
26833
27102
27411
28001
28069
30118
30168
31336
31679
31930
31974
32125
32233
33756
34418
34697
34976
35022
35289
35331
35592
35891
36188
36644
36794
37115
37434
38307
39842
40428
40763
41945
43149
44359
44452
46161
9955
11129
22595
23514
23789
24130
25342
25649
25940
31073
31948
38273
40430
42644
44054
11691
15353
16583
22310
24084
28204
29512
30164
30487
31023
33754
33808
39537
39646
42870
8422
33134
41448
41654
35855
12929
31346
16262
27461
26091
# EOF 210
