15636
39480
10223
18976
12613
35878
43148
11688
12011
12922
13536
15049
15368
15978
16285
16586
16867
17196
17792
18681
19305
20477
20778
22024
23499
24129
24400
24693
25341
25919
26495
26531
26852
27713
28630
29573
29828
29860
30133
30464
30739
30787
31373
31646
31953
32533
32583
32884
33151
33805
34642
34676
35248
35553
35611
36223
36819
38336
39247
40445
40690
40736
41025
44043
44948
13829
14467
15342
17447
18380
22923
27145
29258
34361
34999
35272
37405
37670
24727
16253
18390
21709
23820
24422
25949
26228
28004
31068
31381
34397
34714
36197
48580
38627
41629
24137
27141
41633
24992
26840
31680
32842
16847
27458
29266
22599
11727
35577
14141
38620
9608
9911
11145
12319
12616
12965
13270
14765
15668
15945
17151
17486
18090
18785
18981
19611
21197
21387
21987
22288
22583
22908
23197
23793
23833
24080
25286
25587
25633
26227
27114
28304
28362
28914
29514
30409
30614
31041
32837
33453
33736
33933
34059
34105
34384
34717
35000
35909
36493
37135
37408
37695
39517
41963
42670
43557
44658
12634
13565
18979
21090
21973
30132
32241
36212
36764
39216
41763
42971
11452
12038
13228
13864
15052
20777
21076
22888
23496
27764
32538
36487
36786
37414
37968
40123
43256
12064
27760
38438
40133
7525
29221
28061
20211
31988
24989
28621
# EOF 207
