22023
32293
30775
11126
15659
20818
27739
9314
11082
11403
11676
14746
15037
15352
16269
17184
17471
18077
18370
19016
19293
19915
21687
22275
22622
22891
23232
24119
24382
25040
25620
26561
27105
27159
27414
28008
28293
30125
30179
30719
31634
31977
32242
32296
34668
36478
37120
37999
38615
39217
40724
41352
42560
8712
10518
11730
13548
14164
14766
15069
15950
16570
17170
17770
33440
34335
34718
34951
35902
36462
38334
39532
39833
37744
41031
12581
13831
17501
18091
21685
25339
25905
26196
28046
29521
29864
33454
35332
23822
27747
15031
16241
24103
35003
35559
31989
25279
17181
26787
31087
24399
28942
9014
9658
10555
11454
11731
11992
12644
13521
14131
14446
15147
15967
16569
16852
17781
18114
18668
18714
19595
20199
20508
22013
23181
23488
23777
24439
24674
24979
25328
25904
25952
26803
26839
27696
28073
29707
29815
31938
32424
33140
33437
33497
34422
34984
35028
35295
35596
35863
35895
36192
36531
36756
36810
37386
37551
39359
40436
42234
42866
11161
12935
16290
19304
21405
22896
23213
23536
23815
24413
26247
30718
30919
31972
32598
37113
39337
40161
40765
42868
44355
44767
54948
12959
13513
14133
14436
15383
16589
19573
19912
21122
23771
25619
27106
30174
30734
32717
34049
34665
35634
37398
39945
43448
31027
38319
14759
18694
10828
26484
11426
24698
11105
11709
28615
# EOF 216
