27762
27462
41635
26846
30426
8401
9609
9914
14144
15053
15669
16289
17152
17198
17487
18382
18984
19612
20214
21988
23501
23794
24085
24131
24701
25343
25588
25634
25923
26499
26533
27087
27438
28305
28915
29222
29830
30410
32838
33737
34060
35910
36494
37136
37696
39518
40136
41033
42249
44659
12276
15370
18980
21125
21974
23469
32250
33139
34367
36213
37140
37415
40084
12039
12627
13229
14172
14463
15639
18982
19600
21079
21715
22893
23503
27147
31385
36199
36791
40126
43746
39181
23824
34090
29565
24729
28622
38337
13537
29245
9030
10216
10846
12277
12618
12658
12923
13577
14464
14771
15369
15947
15981
16587
16868
17749
17795
18092
19306
20779
21391
22025
22290
23199
23837
24407
24993
26853
27714
28962
29267
29861
30142
30301
30469
30790
31994
32271
32534
32584
32887
33154
33457
34107
34719
35249
35315
35560
35618
35879
36224
36614
36820
38030
39248
40446
40739
41630
42046
42341
43440
44044
44949
9315
12640
13830
18397
27146
29259
30618
31645
35287
36535
39218
16266
16850
18391
20177
21403
24425
24991
28005
31069
32546
32851
33788
34721
35582
36489
37432
38911
39238
45557
31374
35002
37410
12291
19268
20785
34398
43153
38149
40434
12022
13276
20480
25290
11739
29574
31683
26486
# EOF 201
