12335
32895
37715
18657
20515
24370
11383
12296
12635
12936
13837
15683
15960
16552
16887
17176
17507
17812
18400
19317
19580
21412
22319
22875
22929
23481
23804
25893
25939
26206
26248
26549
26792
26830
27099
27998
28604
28648
28931
30115
30163
30434
30484
31333
32230
32284
32854
33751
35328
35587
37108
39831
40423
41344
42851
43140
45552
54347
12585
13514
17493
18699
19004
19889
20788
23198
24117
26210
26812
34415
34650
35601
36841
40742
42839
43742
44051
11989
14748
17800
25026
27400
28327
30474
33803
35625
36829
39839
42861
18107
38605
44348
21107
38017
39526
32549
24675
31339
31943
44649
16573
35278
29833
44765
36183
20209
26540
34366
17155
10543
11976
12584
13236
14167
14430
14735
15343
15650
17454
17773
18070
18696
19007
19280
20185
20799
23223
23532
24102
24427
24722
25318
25609
26512
27138
27403
28065
29845
30766
31517
31671
32121
33204
34416
34970
35020
35285
35853
35889
36046
36238
36784
36945
38648
39347
39483
39549
39778
39943
40856
41044
41941
42547
42650
43753
57649
10477
13248
15680
22593
23512
23785
25017
25336
25639
25912
28368
29843
30477
31936
32574
39487
39790
42640
45852
28916
15969
17464
19312
23219
24082
25603
27712
33196
33746
34982
36646
37139
38309
38945
41341
41755
44351
45252
38305
31631
41450
35873
11117
27457
42238
16260
# EOF 212
