37735
34046
27418
33811
39783
9306
11122
12340
12639
12900
12942
13245
14439
14740
15029
16267
16845
16895
17182
17467
18368
18412
19014
20812
21426
21683
22327
23485
24113
24378
24743
25034
25616
25901
25945
26515
26798
27103
27153
27412
27693
28002
28612
28654
29810
30175
30490
30713
30773
31082
31975
32236
33137
33761
34419
34664
34977
35023
35593
35856
35892
37060
37116
37435
39843
40722
41946
43150
8405
12597
13251
14728
17146
21386
22620
22879
23515
24139
26234
31088
31949
34038
34704
38314
39530
39827
40134
40431
42859
44055
54646
33759
8706
14124
15356
16584
17168
18685
22016
24392
25303
27091
31979
32591
34351
35555
39538
41023
34700
28351
32288
38023
43437
45261
24095
38320
41940
24976
24689
26188
25885
30720
9656
9945
10780
10824
11388
11990
13519
13846
14127
15349
15654
15963
17777
18074
18110
18704
19902
20504
22007
22615
23179
23813
24433
25324
26482
26835
27465
28071
28501
31019
31342
31627
31681
31934
33435
36525
36800
36951
38271
38313
38460
38608
41052
41658
42232
42858
11689
13517
15036
16274
16872
18702
19276
20205
21712
23209
23811
27768
30716
32586
34533
35899
37095
44353
44965
7828
15989
18082
19904
21118
22312
25613
30166
31031
33445
34996
35925
23229
32291
37725
39935
17484
16561
12939
# EOF 206
