31077
36501
42543
27720
26238
34955
28042
32234
8407
11373
11427
11704
12284
12623
12926
13217
13823
14471
15075
15986
17166
17495
17758
18687
20176
21713
21992
22915
23517
24711
25347
28311
29527
30472
32597
32846
32890
33741
34353
34684
35922
36177
36233
36498
36833
37144
38043
39534
40088
40451
40746
41037
41930
42261
43744
45251
45855
12328
15653
17475
18073
22020
23166
26784
27448
32274
32900
35298
35573
36538
36783
38031
39231
44655
24438
28901
11977
16869
17766
20188
21420
22616
23527
24739
28012
33183
33488
34098
34423
35858
37106
38645
13542
20784
26537
37710
37443
43469
16546
12310
18408
20804
27161
20479
28315
16237
15936
26858
41330
28965
15330
12066
18993
42535
11751
21084
9919
12323
12365
14149
15377
15951
18060
18098
18387
19310
20217
21104
22308
22589
23211
23468
23797
24090
24415
25003
25298
25599
25643
25928
26502
26863
27092
27445
32277
32540
34063
34649
34956
35321
35622
35883
37085
37420
37663
38343
38448
38915
39254
41640
43452
44050
7224
9004
10778
13214
13862
15379
18670
18997
22276
23492
24710
25617
27991
28631
30415
31667
35014
38446
40388
41046
44167
9917
19009
19282
23183
25585
26253
26504
31388
33794
35606
36802
39820
40721
41737
42836
44048
10475
17801
19872
34727
42945
25005
29261
37701
38923
28920
29875
27297
9339
13240
29227
29576
# EOF 215
