19575
29866
11407
11732
11993
12645
13851
14132
14447
15039
15968
16273
16572
17473
18669
18715
19596
19917
22014
24390
25329
25907
26806
27163
27420
27697
28074
28616
29816
31028
33438
34040
34425
34985
35029
35597
35896
36155
36195
36480
36532
36757
36811
37064
38003
38328
38948
39219
39791
40120
41057
15982
16293
19309
21410
23214
23816
24414
26525
30725
31973
32599
33731
37114
43168
44356
25624
11433
13524
13833
14437
17194
22574
24402
27107
27745
30735
35005
37401
38037
41039
16853
17782
28022
42237
33143
33456
12591
24699
43449
20200
12013
11712
25344
26841
31992
24106
11127
11677
12951
13262
13523
14747
15355
15660
16904
18078
18371
19017
19294
20510
20819
21688
22892
23233
23490
23783
23823
24120
24981
25280
25621
26221
26562
27108
28294
28346
28659
28902
29107
29205
30126
30776
31089
31635
31980
32247
33046
33144
33503
34669
35297
36008
36913
38133
38616
40438
40725
41353
42036
42664
43274
43773
57350
8723
10242
10519
12620
12943
13549
14169
14767
15070
16571
17189
17771
19597
22906
33441
34340
34958
35903
36202
38335
39533
39834
10525
12963
14143
15034
16242
16591
18710
19916
25916
26197
26799
28047
34053
23185
37848
18104
21692
41957
30180
30178
36154
# EOF 197
