27718
42835
28626
22586
23467
9617
9918
10175
11106
11425
12322
12621
14469
14774
15073
15374
16594
16873
17158
17798
18095
18386
19616
20174
20216
20483
21103
22295
23206
23796
24141
24412
24709
25297
25925
26236
26862
27440
27769
29270
29523
29832
32539
33157
33460
33817
34062
34648
34724
34953
35621
36231
37082
38041
38633
38914
40696
41035
44047
44956
9874
10777
13213
13847
15372
15649
18059
18994
21986
23491
25600
27151
27990
35013
38013
40086
40387
41045
43166
11385
16287
17760
19271
22612
24735
24998
31387
33486
33793
35605
37100
37698
40140
41641
42542
44950
26501
29226
29868
37419
41637
41928
23523
23834
26503
35882
29256
16864
18995
37438
10852
36495
11157
15656
18405
9032
12283
12660
12925
13216
15672
15949
15985
17207
17494
17757
18989
19308
21710
21991
22914
23516
24088
24995
25346
25597
25641
26536
27090
27600
28310
28964
30417
30471
31376
31820
32275
32845
32889
33740
34109
34230
34348
34402
35253
35319
36828
37143
38737
39529
40145
40745
41149
41749
42260
43450
43743
45250
45854
46765
12054
12313
12642
17472
18399
23165
24702
27447
30162
32273
32899
35554
36232
36537
36782
37729
38618
39230
40557
43472
44450
44654
13234
28918
9335
9614
9913
12060
16541
19619
20187
20803
21082
22904
26251
29568
30437
31075
31214
33182
34095
34412
34954
36210
37533
38919
40854
41327
44042
13541
32596
36497
37707
39186
21413
24435
8135
38339
26857
36798
27158
38642
20783
28011
28312
# EOF 235
