24985
38046
25937
35900
13540
28056
41627
8710
11682
12009
13534
13855
14457
14760
15043
15366
15974
17192
17788
19606
20206
20822
21089
21380
22576
23497
23788
24077
25335
26224
26493
27705
28907
29210
30733
30781
31034
31951
32834
32876
34052
34712
34945
36540
36765
38575
38952
40128
40441
40734
42245
12946
14465
14770
17794
18376
22921
27137
30107
32238
34343
35252
36205
36504
39552
42548
13211
14154
15047
16247
21067
21390
23780
26208
26814
27133
30185
31672
32830
37411
22901
24396
31642
33149
34092
27755
13843
34393
24125
16841
36484
28664
37129
37404
6921
10256
11410
11737
12315
12355
12614
12919
15935
16280
16581
17147
18084
18377
18676
18975
19300
22019
22284
23191
23829
24690
25284
25583
25627
26526
26811
26847
27112
27754
28208
28302
28356
29257
29508
29560
29823
30130
30188
32580
33449
33798
34382
34673
35604
35875
36164
37737
37846
38014
38765
39515
41961
42565
44040
44656
55219
10551
12632
13553
15755
16577
17205
18973
24441
28958
30786
35921
37121
38574
39184
57346
24128
24411
30303
10549
14448
15634
22880
23478
27451
28601
30411
39226
14139
16862
20514
24987
28623
39058
19585
31372
44470
34701
31986
29223
# EOF 190
