23495
39225
11130
24406
28618
8104
8708
10201
11734
12918
13528
14138
16279
17477
18081
18970
19299
20204
22018
22897
23828
24394
24984
25283
25911
26844
27111
27751
28301
29559
30129
30187
30779
31094
32252
32527
32577
35302
35603
35898
36201
36534
36813
37066
37128
37397
37736
38011
38330
39853
41960
44039
44653
13552
16576
18972
24440
26551
28957
35912
42536
13841
14152
15045
16245
19582
21388
24713
26204
27442
29208
29874
36456
12314
31983
38573
38621
38950
12595
23778
25927
36482
38280
37407
20513
11409
22283
15934
24980
15631
36158
24124
43454
11681
12008
12612
13264
13854
14450
15042
15363
15662
15973
16856
17145
17191
17787
18375
18674
19601
20821
21078
21379
22573
23189
23787
24122
25332
25625
26223
26492
26524
26809
27700
28025
28206
28348
28663
28906
29109
29209
29255
29410
30732
31033
33146
33447
34051
36160
36762
39232
40125
40244
40440
40731
41355
42038
42244
42563
42969
43551
8103
11761
12630
12945
14183
14458
14769
15072
17197
17793
22912
27132
29522
30780
32237
33505
35251
36204
38351
39032
39551
41157
8105
9317
13531
26813
28372
28599
30184
31368
31996
34695
38040
31641
34091
12975
14444
# EOF 188
