33790
27717
54343
20782
15647
12278
12619
12924
13538
15067
15948
16291
16592
16871
17489
18053
18093
18988
19307
21705
22026
22913
24087
24408
24703
25345
25596
26535
26820
27089
27767
28917
29383
29517
30304
30470
31375
31819
31995
32272
32888
33003
33316
33607
33739
34108
34401
34646
35250
36175
36229
36496
37526
38035
38338
38631
39249
39859
40144
40447
41364
42576
43441
46198
47402
47707
49190
51630
52543
55559
58581
62494
12027
12641
14485
15643
18398
32898
33155
35288
36536
38617
41007
42271
42564
43178
49489
45564
9613
9912
18404
18990
20790
21081
26854
27468
28006
29567
31070
31207
31805
33181
34728
38912
43265
43748
24994
25291
16851
33924
35258
56765
28963
20481
41631
37979
20180
27152
40846
40131
29991
34093
37424
24429
9616
9915
10218
11101
11159
12321
12363
14145
14468
14773
15373
15670
15983
16929
17157
17797
18385
18684
19615
20215
21102
21393
21989
22292
22585
23508
23795
24138
25637
25924
26233
26500
26859
27439
28306
29269
30616
30792
32536
32588
33156
33459
33816
34061
34681
34723
34952
35006
35317
35881
35913
37141
37416
37697
38913
39525
39648
40254
40543
40741
41034
43741
44046
44660
12285
13212
13836
15371
17468
18983
21985
27150
29544
32994
34368
36214
38012
40085
56742
11468
12650
14177
14478
17759
21407
22609
23504
24734
24997
28296
28625
30429
31386
33485
34400
34944
36206
36491
37093
37436
38153
39357
40444
42533
44947
13579
23203
29867
16272
19605
23827
22902
26237
41636
4206
13232
38640
26183
31685
29225
# EOF 244
