23193
12615
38583
44471
9910
11684
11738
12655
14140
15667
15944
16582
17479
18089
18378
18679
18978
19303
19610
20517
21091
21699
21984
22578
22905
23790
23832
25285
25630
27085
27113
28303
28357
29082
29220
29260
29513
29561
30131
30613
30785
31040
31644
33603
33735
33799
34104
34383
34716
35551
35904
37130
37239
37740
39516
40132
41067
41358
41962
44041
44657
46804
54046
57058
57672
58856
59787
64276
68524
12633
17206
17806
18974
24442
30121
30791
32240
32848
35714
36211
36763
37122
38581
39185
47675
65219
69740
36785
39047
10219
13845
14156
15051
15635
19590
21396
21707
22598
23489
24723
31379
34395
40546
40702
43142
56757
57369
67334
20210
24127
11724
16863
17150
24986
33900
36185
24988
27759
31987
27761
52529
18363
14456
36486
28060
24134
9026
25338
25584
10559
41626
10258
12010
12062
12357
12921
13268
13535
13575
13856
14761
15048
15367
15977
16284
17193
17791
20476
20823
21385
22021
22286
23498
24692
25918
26225
26494
26530
26817
26849
27433
27706
28629
28665
28908
28956
29827
29859
30463
30738
31366
32532
32835
33150
33451
34675
34946
34998
35610
35877
36485
36612
36818
37406
37521
38028
38147
38333
38626
38953
39240
40246
40442
40735
41024
41628
42044
42246
42973
44155
55556
12947
14466
15092
15341
18379
19367
22922
27144
28968
34234
34360
34992
35271
37972
42250
42551
12036
13226
16248
16846
17209
21068
24417
25938
26837
27140
27995
28609
30413
37412
40121
41151
43254
24397
32582
13543
23805
35570
31675
32833
26217
27455
# EOF 243
