23221
24083
18057
34225
33753
25030
11983
12890
12938
13237
13839
14168
14431
15087
15390
15651
15994
16261
17461
17774
18071
18402
19008
19281
19586
19897
20186
20800
21416
22004
23224
23483
23535
23810
25610
25943
26513
26794
26832
27143
27404
27460
28066
30117
30167
30918
31072
31335
31624
31678
31929
32232
32286
33133
33755
33902
34417
34526
34696
35021
35330
35589
35704
35854
35890
35999
36047
36187
36793
37112
37431
38306
39484
39554
39835
40762
41047
41653
41942
43754
45267
46881
47776
49212
49515
54919
55858
57046
58270
58541
60991
61300
62460
64310
67041
67922
15681
19903
21697
22594
23513
23786
25018
25337
25640
25933
26842
31937
32575
38272
40427
41974
45853
58872
61292
83695
29696
32896
38019
15344
19895
20519
27402
28329
29509
31022
31638
33197
35280
38310
39528
39841
42364
52824
58274
51329
32579
41455
42241
53123
27904
37720
20212
24428
32045
27716
16579
11384
12337
12588
14482
14737
14787
15347
15684
15961
16553
16842
16888
17177
17508
18108
18698
20502
22320
22605
22878
22930
23177
24104
24730
25029
25320
25898
26209
26249
26552
27100
27999
28607
28649
28932
29805
30008
30435
30485
30770
31222
33028
34798
34974
36343
36515
36642
38267
38606
38650
39780
39949
40328
40426
40858
41444
42367
42549
43141
43266
44357
9941
10820
11111
11462
12586
13515
13882
18700
20175
20789
21369
23207
24118
26211
27694
29103
30489
31063
33044
34663
35368
35602
37083
40129
40743
42850
44052
44161
44963
46502
55249
16662
38426
14753
14848
17159
17466
17809
22009
24383
24676
25605
26542
28661
30915
33804
35628
36830
39642
44650
18365
11683
21110
31340
12636
25292
26996
28922
22306
30481
# EOF 268
