41331
35607
17455
44059
12316
20190
23533
27300
19877
10520
12029
12286
12324
12625
12930
12980
13283
13582
14150
14776
15077
15378
16596
17499
18099
18388
18996
19313
19873
20485
21404
22309
22590
23212
24091
24418
25004
25299
25644
25929
26507
26824
26864
27093
27131
27446
27992
28313
28803
28921
28967
29876
30310
31325
32224
34116
34514
35324
35433
35623
37094
38047
38449
38635
38876
38916
39255
40455
40550
40700
41156
41643
44053
44962
45259
46501
47408
48578
49487
51636
53139
54656
60096
9005
10779
11387
13215
13863
18083
18671
18998
22287
24069
25626
27452
29824
30416
32278
33009
35300
38461
38928
40704
41055
43859
44661
45275
49901
54325
55527
57044
67031
15677
20806
9920
13243
18414
19010
22618
23184
27691
28016
28909
31323
33795
34100
36502
37445
37702
38926
39821
51628
56769
58567
64320
16877
26242
29228
34957
35884
15938
29999
40728
37540
38649
41932
28317
44967
36806
26520
11109
19272
36503
8408
8727
11167
11374
11428
11705
13218
13545
13824
14472
14727
15337
15642
15674
15955
15987
16240
16539
17167
17446
17763
17805
18064
18690
20787
21108
21716
22916
23518
23799
24712
25601
25886
26191
26544
27722
30425
30475
31212
32279
32542
32600
32847
32897
33632
33742
34065
34651
34685
35578
35927
36178
36234
36461
36834
37711
38345
38739
39341
40747
40850
41038
41233
41329
42262
42537
42840
43252
43745
45856
54340
54946
12329
15399
15658
17280
17476
23167
23500
24716
26785
32901
35026
35574
36539
36814
39250
39782
9010
11980
16547
17767
19286
20494
21421
24740
25011
25591
27162
29263
29807
30116
31079
31390
32243
32879
33495
35061
35859
40029
42545
10854
20179
21993
33186
22928
34424
37107
40460
42842
21086
# EOF 274
