28651
20195
28912
16542
21424
18103
34500
14730
37249
48897
11435
12332
12629
12932
14732
15645
16879
17449
17503
17808
19000
19275
19578
19887
20182
20497
21115
21719
22596
23479
24717
25648
25891
26244
26509
26547
26828
27095
27135
27392
27996
28602
30003
30478
31215
31329
32228
32547
32852
33015
34118
34411
35017
35270
35326
35700
35886
36300
36506
37102
38049
38350
38641
38746
38920
40463
40706
41645
43750
44057
48881
50721
52846
53141
54658
54959
55535
59492
61290
62197
63110
69132
11080
11431
13867
17491
18097
19002
20487
21671
22293
25012
25319
25632
25909
26192
28070
28666
31923
32543
34409
35591
38463
39962
40732
42837
49517
55551
65823
22301
31825
62203
12336
17459
17786
21097
21996
25594
29268
30135
30466
31086
31941
33193
35397
36227
37132
37706
39520
40164
41663
61603
12290
23802
34112
51331
83691
23202
38302
42358
27601
10825
32248
28925
20505
28321
36181
42539
15957
41335
8410
34364
20809
6335
9929
10537
11376
11711
11974
12032
12582
12885
13220
13547
13828
14163
14428
14779
15080
15339
15678
15991
16252
17173
17769
18066
18361
18395
18692
20797
21409
21999
22314
22920
23217
23520
24098
24423
25019
25314
25607
25934
26195
27453
27726
28055
29538
30313
30431
30764
32281
33744
34687
34968
35580
35929
36236
36339
36840
36943
37717
38161
38881
39034
39343
39818
40852
41042
41339
42648
42848
43470
45858
12331
13246
15666
18678
23510
24086
24744
26801
28366
29841
32297
33202
34643
36838
37059
38034
39252
39485
40256
9628
10240
15064
15694
15943
19292
24070
25021
26528
27389
27710
29809
30782
33800
34972
35273
38733
38939
39180
39836
40749
41741
42844
44341
44644
41935
11986
18783
22625
42559
29879
30596
1192
28023
31328
32883
38002
19882
12672
16563
# EOF 282
