9921
15941
28019
21422
17784
21406
22917
32882
8409
10478
11375
11706
12031
13219
13546
13825
14475
15079
15338
15380
15956
15988
17764
18065
18394
18691
21717
21994
22313
22592
23519
23800
24420
24715
25014
25305
25602
25889
26194
26786
27723
28054
28923
28969
30430
30476
32280
33129
33743
34066
34686
35928
36235
36837
37096
37712
38637
41041
41338
42538
42847
45857
9013
12330
13221
15665
18677
22291
23509
24079
25315
27466
32535
32910
33201
36815
38033
39251
39787
40092
47372
11981
13259
20499
20808
22624
23192
25016
28911
29808
30769
31327
31391
31933
33514
35609
35860
36809
38001
40738
41657
42843
44643
29264
16540
25592
10823
16560
22285
32246
39178
40157
37547
45074
30459
11430
11753
12327
12626
13880
14729
15644
15676
16250
16878
17171
17448
17807
18100
18999
19274
19314
19874
20181
20223
21114
23215
25647
25932
26508
26546
27094
27134
27391
27449
27993
30108
30311
31061
31326
32115
32544
32743
32849
34117
34236
34362
35016
35325
35579
35626
35885
36180
36505
37665
38048
38349
41159
41644
41933
42264
42947
43749
44056
11402
13866
17490
18096
19001
20486
24738
25631
25890
26793
28338
29825
32285
35301
35590
38462
40394
44147
44464
44662
57045
17458
24742
27166
27698
28318
30124
31081
33192
33796
34103
37123
37446
37703
38301
39826
41333
9640
12289
24092
28316
21995
38727
12931
30002
34426
12670
# EOF 221
