38009
38346
39223
15661
60088
8102
11678
12312
14449
15362
15972
16574
16855
17188
19598
20511
20820
21077
21378
21689
21978
22572
23234
23493
23784
24121
24681
24982
26222
26491
26523
27109
27699
28024
28295
28347
29206
30127
30181
30727
30777
31947
31981
33442
33504
34209
34670
35399
35599
36159
38619
40124
40439
41354
41671
41956
42243
42562
42665
44990
49182
52240
56165
57351
57668
58280
58884
60688
61892
63977
64613
65221
66732
67605
12944
13550
14170
14768
15071
17190
17778
22907
23218
23838
28903
32226
32421
33448
34341
36203
38344
39550
42875
44360
49792
58262
66728
8411
9312
13526
16243
18105
18711
21384
23774
25917
26808
27119
28371
28478
28598
30183
30737
31993
35027
38039
41049
41958
43453
55854
57979
62464
69742
11128
18372
28660
33145
28953
29204
35299
26200
28050
35431
3911
25281
11408
24975
5715
9018
9331
10254
11460
11733
12913
13527
13852
14137
14751
15040
15149
15753
16276
16908
17474
17783
18080
18672
19296
19918
20201
20880
22015
22894
24068
24391
25330
25623
25908
26807
26843
27164
27421
27750
28904
30237
31029
31093
31142
31637
31798
32249
32576
34041
34378
34986
35897
36196
36481
36533
36758
36812
37065
37396
37733
38949
39959
40729
44076
55251
2703
4212
5428
11755
12624
16294
16575
18971
21427
24419
26550
27126
30726
33750
35911
37117
41351
43169
43956
44769
24704
11434
13834
14151
15044
17195
21694
22575
24403
27441
27746
31362
32729
33158
37402
39951
23825
4820
7517
24110
25645
29869
39122
19581
12592
28617
29530
14442
36156
30295
# EOF 249
