38321
64619
45263
15657
69748
24099
50111
10827
11991
12643
12948
13520
14130
14443
15964
16564
17469
18113
18705
19592
20198
20507
22012
23180
23487
24436
25325
25618
26483
26800
26836
27695
28072
29706
31343
31628
31935
32294
32423
32706
33436
33496
34034
34421
34666
35025
36191
36526
36801
38274
38316
38609
39215
39358
39845
40766
41005
41053
41350
41659
42233
42275
43152
45574
50129
56755
62165
64019
70039
10217
11690
12920
13518
14126
16275
16903
19295
21392
22895
23210
23531
23814
24380
30904
32587
34534
40437
42867
44354
44970
54947
60080
24673
15364
16588
18689
19572
22022
25614
31032
32714
33763
34048
35322
35936
36936
41944
43439
54048
31684
41027
48012
17178
33450
35001
32292
24978
14129
28361
9646
9951
23769
8749
9012
9307
11675
11729
13252
13848
14741
14791
15030
15090
15351
16268
16848
16896
17779
18076
18369
19015
19290
19914
20288
20813
21684
22328
22619
22886
23231
23767
23817
24116
24381
25039
25278
25902
26255
26516
26560
27104
27413
27467
28007
28613
28655
29811
30012
30176
30714
30774
31083
31976
32239
33138
33762
34978
35293
35594
35893
37119
37442
37998
38464
38516
39726
39784
40432
40723
42860
58556
8406
8711
14733
15068
17169
21718
22621
24140
25942
26235
27122
33439
34039
34711
34950
35901
37103
38315
39531
39832
40135
44169
45357
54647
19908
5418
8713
11707
12580
14426
16236
17488
18086
21120
22322
25304
25900
26189
27098
27419
29863
31984
34352
35558
39539
39939
11123
26215
24395
24696
33552
34661
37741
38440
38877
42258
30170
32592
26695
27154
# EOF 251
