61175
45040
23616
55860
53886
31769
5437
33901
21969
47025
5752
6406
7411
8079
8711
9395
10394
10729
12729
13329
13662
13714
14376
16954
19339
19724
20224
20651
23299
25267
26571
27231
27568
28224
30539
36870
37199
37506
40499
42068
42688
43863
44044
44375
44979
45641
47005
47306
47621
47679
48979
49290
49350
50028
50289
51316
52010
52668
53908
54281
54614
55264
55589
57617
57880
57966
58217
58534
58867
60235
60534
60590
61890
62203
62546
63144
64123
64219
66201
67182
68271
69084
69782
70404
71397
72715
77808
102529
104178
10354
17080
24300
26218
26547
29363
30780
33903
36286
37029
42136
42686
43376
44969
48092
49603
51639
53306
57302
57615
60925
62977
63800
64221
64849
65116
73533
76354
77760
10392
14011
22962
23955
24950
35496
38601
43374
43701
43855
44678
44786
49033
49984
54271
57864
58219
58937
59571
61876
62518
65774
66107
73722
76115
11716
64466
65190
26591
48644
45773
54223
85395
24944
21605
10066
5418
12337
33192
47931
85958
11059
11717
14026
15011
17994
20594
22231
24516
24572
24879
25932
28472
28548
31196
31858
32183
32506
33126
33429
33501
34763
36436
37449
37782
39100
42005
42356
42733
43014
43381
43979
45305
45983
46667
46956
47359
47991
48330
49652
49975
50350
50595
50940
51010
51658
52276
52336
52591
52982
53568
53626
53963
54926
54998
56609
59548
59881
60928
62493
62838
63207
63498
63893
64792
64848
65450
66447
68096
68754
70463
72770
73093
73402
75111
75416
76774
77075
77448
78732
80365
86345
86672
87350
88638
90871
99894
102197
3448
5747
10728
14347
14678
17338
17647
24901
30127
32634
34743
38105
40414
45313
45951
48669
52657
54338
54607
54900
57893
59843
61496
68174
68513
70822
71422
80415
83715
101214
56585
77819
7075
8401
11394
13388
20975
22229
22865
24528
29553
32863
41038
42382
47658
48288
49291
50298
50687
52338
52651
52966
58563
60922
63155
63522
77113
77440
79446
103858
27880
29220
30167
23234
55628
4427
76734
48047
44324
76405
# EOF 316
