40364
48633
64118
53563
49023
9409
6755
9389
9708
11042
12390
12665
12721
19010
19993
20643
21325
24623
25612
25927
27560
27871
28898
29201
30866
31187
31538
31847
34974
37608
37943
39089
41881
44040
44367
44674
44973
46997
47300
47348
48323
48668
50022
50931
50995
52658
53615
53671
53958
54983
55657
56227
56965
57553
57916
58859
61872
62478
63481
63808
64494
65126
65445
66442
66775
78101
4775
6079
7066
10687
13357
14338
19335
25903
30348
31339
42341
43346
48606
52239
52630
54598
55659
68089
99231
7756
18338
19997
25245
25608
38437
41368
42353
45334
45990
46341
46670
49637
49970
50267
51320
52921
54245
55312
57545
58536
59886
60217
62506
62859
64779
93526
104519
10717
91201
7062
25945
49264
29219
43687
43063
56977
24284
24615
43061
36791
54270
63512
9747
56557
4774
7753
8070
9063
10060
11346
14010
21645
25258
26259
27212
28542
32173
32500
37776
40368
40418
41040
42342
42396
42725
43375
45973
46653
46723
47610
47672
48041
49020
49283
50282
51301
51586
51945
52256
52587
53311
53901
57247
57875
57959
58212
59540
60864
61504
62828
62908
63139
64788
66118
76114
77436
98243
7745
9376
14014
18674
20981
31188
31864
33170
42655
48031
51616
51983
57287
57580
60868
61901
62206
63500
89974
105507
48009
51927
10730
31198
38107
40093
43355
47630
51674
53618
54611
57269
59550
26560
28215
43010
58529
61195
10074
55983
48970
46308
26582
# EOF 226
