28230
66778
34742
4759
69419
6085
6735
7086
7742
8737
9381
9696
11395
11696
12061
12711
14978
16681
19981
21315
21628
22970
25588
27544
27861
28204
28884
29847
30346
30675
30858
32485
32846
33827
34968
36543
36844
37484
37596
38431
39420
39492
39568
40030
40160
40409
41081
41362
41552
41697
42050
42130
42385
42672
43053
45954
46301
46985
48030
48100
48648
48959
49326
49625
49952
50012
50975
52313
52919
53948
54652
54901
55559
55643
55890
56592
56917
56957
57950
58199
58522
58901
59204
59860
60524
60839
61543
61854
62165
62811
63473
63794
64628
67102
67270
67615
69256
71066
71120
71443
74508
76163
78440
81108
87335
7417
13046
27875
28228
30860
32174
35957
36509
37177
37444
37785
38268
38914
41348
45123
46287
47976
50008
53641
54568
56959
59226
60550
61218
64544
65591
66544
69820
71395
74747
33973
52616
8041
8741
12063
23638
25925
27578
41737
41903
42876
43043
45970
48369
48616
49944
50632
59517
60187
60859
61846
62482
62845
63489
64297
71535
99592
14685
29191
35805
50638
72119
58895
26553
5768
12701
56548
63878
51898
74063
51627
54315
24611
53892
54219
45720
54577
9713
68503
50968
25212
10690
28570
46310
30863
52900
55596
8064
9055
9741
10054
10708
12367
13051
13374
13697
15366
18999
19561
20554
20931
21242
22646
25904
31114
31176
31521
34793
37116
39760
40089
40709
41030
41742
42715
43361
43724
45702
46033
46360
46647
47337
47602
47660
47977
48304
49004
49269
50272
50922
51638
51917
55233
57235
57283
57532
57907
58850
61185
61245
63131
63191
63550
64172
64475
65113
65791
66110
67438
69819
70445
70782
72451
72754
73392
74439
75831
76501
76712
77430
78092
79699
84975
85039
85378
85633
87988
88305
94514
95170
101872
103848
9065
10034
11081
13731
20317
20572
21655
22971
24231
24624
25248
25573
28554
43046
43858
45744
49044
50332
51319
51975
52619
52960
54278
55568
60862
61835
63229
66846
68427
72788
73097
73428
74092
76064
79450
79777
83392
105491
6742
11055
11360
12393
13691
14337
26893
27240
29206
31852
39762
44035
46954
47967
49002
51303
55967
56944
57536
67490
77396
81390
86048
86668
87001
95826
51293
52573
74798
75089
28875
47606
78148
79035
83077
24289
59526
47331
49624
71809
21296
32203
41999
74469
10030
48707
# EOF 361
