28892
27209
19995
26904
104515
4773
6095
7094
8069
8372
10059
10382
11345
12007
12386
15299
16693
17010
19321
20324
24619
25257
25604
25921
26258
26559
27869
28535
30222
30517
37771
40367
41039
41879
42339
42395
42678
42722
43679
44038
44971
46652
47609
47669
48317
48969
49691
50020
50281
50341
51300
52002
52255
52586
52656
53669
53900
54666
56221
57296
57874
58209
58528
59210
59870
61254
61497
62171
62823
63138
66117
66773
73854
74514
93853
7744
9367
9704
10685
13345
14009
14324
17020
20972
21987
24252
42894
46313
48335
51328
51587
51982
54323
57286
57531
60867
61870
63483
64562
105167
105506
59224
13716
18663
26579
29542
31193
40092
40363
41364
44305
45332
50265
50642
51671
51926
52911
53613
54610
56556
56975
58518
67198
98902
11401
46305
12709
56319
31183
102862
10071
9387
40417
20268
37600
63509
49282
43059
54268
63480
47626
44998
6754
7749
8754
9061
9703
10716
11041
12716
14008
18600
19009
19986
21324
21569
27555
28213
28897
29856
30865
31846
40049
42057
43062
43371
45969
46996
47293
47981
48039
48665
49640
50930
50994
51584
53562
53614
55899
57245
57552
57913
58264
58858
58906
59538
60214
60529
61193
61871
62477
62535
63801
64116
64786
65125
65442
66439
67769
103860
104512
6078
10080
15992
24632
25902
31180
32195
42340
52238
54597
55658
62200
68088
9743
9400
10714
25607
29218
32837
45989
48631
54242
55614
57542
62505
62858
104179
7751
64778
44673
24279
# EOF 232
