56576
3455
6416
8721
10689
11367
13349
13674
23959
28862
29231
39041
41063
42016
42656
42694
44640
48987
49362
50606
51615
53244
53286
53577
55920
56885
57268
57571
58548
59180
60885
62853
63228
63900
82392
86681
90539
8723
12996
15010
16659
17682
26878
37283
45019
45643
45958
47278
49272
49645
55214
58524
61180
61513
62867
63832
65124
65443
67758
69078
100882
41077
6410
8416
21979
22248
31522
39099
44345
48301
48666
50018
51589
51950
55922
65786
67108
67435
54554
63511
46381
63164
25289
7090
42058
57204
57904
12038
60507
62814
53257
5426
5763
7420
8399
9410
9725
10409
10740
11731
15685
18658
19669
20602
21984
22297
23306
25559
26225
26905
27242
27894
28556
30548
30881
31212
31868
40687
42366
42869
43389
43710
44308
45311
46619
46679
46970
47632
47949
47999
48276
48936
50356
50669
51261
51961
52290
52948
54234
56246
57887
60250
61211
61833
62210
62499
64140
64800
65462
77761
102203
103525
104189
105168
105495
6395
10397
13659
30197
43690
46948
50964
52322
54653
56589
59512
68756
13013
22630
26221
40420
52242
54892
55564
56886
58864
61548
62150
63803
66854
68429
28237
43329
48615
49604
50308
54936
23615
44986
61524
42400
47044
# EOF 192
