25601
59216
59523
47990
4115
7088
7746
8067
9058
9383
10057
10711
11397
12067
16683
19004
19983
20318
21630
25598
25919
27207
28894
29197
30220
33171
34970
37121
38439
39422
40032
40359
40900
41035
41366
41877
42335
43055
44670
44967
46303
46650
47665
50014
50277
50337
50644
50989
51936
52582
53555
53607
54263
55238
55892
56919
56961
57240
57549
58526
58853
59208
59866
60211
60526
60851
61188
61487
61545
62243
62530
63136
65118
73850
87337
10683
20970
25596
25887
28236
31849
32840
33829
37446
41412
41721
42006
46289
48000
54570
56969
60865
61258
62161
10045
47613
9732
12065
26565
26896
28888
31185
46317
51635
51914
54231
56311
56552
59864
69080
47605
56219
62169
27245
31855
33985
26555
21307
46973
52903
63194
12378
48379
49953
8080
8752
10379
11039
11699
12714
21322
22975
24295
27547
28207
28532
31529
31844
40227
42055
42388
42717
43529
45959
47291
47339
47979
48306
48657
48966
49273
49682
49959
50924
51295
51995
53895
54904
55562
57861
57909
58204
58262
58571
59530
60912
62475
63797
64784
65440
65552
66112
66437
66768
67111
67440
67759
99563
104510
104849
105832
7424
7715
9067
13330
13994
19306
24626
25282
32179
41080
42336
43052
47353
47712
50027
50340
51323
52625
55329
61841
67506
10700
11069
14357
22580
29212
39427
41357
44651
48619
51307
57243
57540
62848
68092
24614
60192
12704
42328
50637
64170
6762
43670
45979
# EOF 225
