64137
26886
40702
46285
8059
9734
10701
13993
14348
15652
18013
18988
22314
22641
22956
25574
26240
29891
33323
40084
41073
41406
41681
41733
42547
43039
45328
46640
47328
48636
48700
49372
49617
49946
50682
51631
52959
53936
54887
55226
55551
56586
56640
56911
57898
59196
59254
60197
60510
61170
61844
61914
62155
62869
63467
64458
64877
77102
81732
101867
11056
12027
25552
27546
29526
31520
32503
37115
42216
46648
50999
51968
52584
56937
57236
60536
61569
75840
8707
9084
9694
19008
20326
25915
27556
46626
47954
48981
53573
55270
59190
61916
63190
64500
94846
27901
48331
58887
61238
49595
47298
63852
48951
13038
11048
57206
48602
23291
24282
30199
44647
12044
25575
30851
3779
7073
7737
8732
10363
11079
11388
11681
12048
12698
13360
13687
20307
20983
21306
25896
27198
28199
28877
30558
32841
34157
40749
42988
43720
46290
46691
47277
47652
48286
48998
49319
50264
50970
52627
52912
56950
57221
57279
57582
58559
58896
59510
59853
62806
63843
65773
75139
100879
101539
104839
105513
105824
6736
9047
13027
13689
16455
27206
28189
28520
28863
29224
29868
37437
37774
38432
47012
49949
51267
52914
53917
54266
55000
55237
55915
56629
58856
59181
61201
62539
70150
78764
7408
19663
23625
26241
27218
28209
32185
50615
52252
58278
59847
62836
63460
73069
77763
13035
14674
63787
54932
51285
28544
28568
60178
43658
12383
# EOF 222
