43686
60909
51332
35472
31865
61196
26918
57547
7403
8073
8374
9068
10061
12009
12669
14013
17341
19329
21646
24627
25929
28543
31006
31191
32176
32994
35295
36182
37440
38138
38447
38760
39147
40232
40369
40423
40559
41883
42146
42397
42467
42680
42726
43011
43121
43542
45298
45635
46724
46941
46999
47352
47673
48042
48670
49286
49340
49968
50076
50285
50937
52588
52975
53312
53565
53904
54275
54602
54670
57561
57876
57960
60582
61505
62484
62831
63312
63563
63810
63884
64789
65264
65864
66119
66444
66502
66827
67834
70091
70737
73860
74516
74809
75710
76117
93855
7748
9377
9706
14015
14344
15694
18675
24294
26210
31189
33837
34381
37841
38102
42124
46074
46403
47382
47583
48032
50670
51619
51992
52289
61902
63962
64797
65922
67533
74181
76159
89975
49647
10735
11377
22958
24938
25249
31209
32996
42361
43207
46672
48634
50660
51013
51679
51930
55316
55886
58540
59234
59553
63134
64781
67800
68905
78442
94172
26260
37779
41998
46309
47302
48973
74392
38122
49976
74105
13365
37448
44313
10376
64843
74764
48013
17918
86381
93194
4445
6756
7755
8702
9390
10385
10718
11045
11765
12391
12722
13059
14696
17978
18965
19426
19994
20646
20899
21254
21326
21571
21876
22227
22534
26498
26562
27152
27228
27563
27872
28221
28901
29202
29796
30149
30528
30867
31539
31850
32432
32502
42061
42522
43198
43377
44974
46047
46655
47614
47983
49646
49696
50023
50998
51588
52005
52260
53616
53959
55319
55660
55961
56228
56924
57249
57301
58214
58266
58531
58860
59219
59877
60924
61257
61815
63141
63482
64120
64497
65127
65201
65446
66776
67516
68828
69131
70132
71753
72764
73749
77071
81077
82022
84702
87346
88634
94839
101212
4776
7067
11344
13075
13358
14654
16010
19340
34159
42352
42661
43347
48607
51347
54007
54599
55662
57297
64214
70796
75077
81362
82682
97914
99234
104837
24620
5424
9414
14381
17665
18670
19304
19998
25611
28478
32107
38438
46342
47636
53620
56559
59887
60218
63235
63516
75835
78794
82429
84032
8756
23286
61873
75466
20648
42021
45993
47002
52332
52284
55620
57271
58200
24941
14718
41022
55985
64447
35100
75745
# EOF 344
