31214
63837
25893
23618
42987
20314
65128
6422
7425
8093
9728
13024
13680
18009
18328
24956
27247
32204
34641
38106
41065
42874
43713
44704
45001
45679
46008
47017
48690
48939
49047
51336
51966
53246
53288
53579
54237
55222
56249
56580
56632
57892
58235
59902
60173
60560
60887
62502
63902
64446
65222
105171
5417
8725
15313
29857
40744
43709
45681
46959
47671
49322
51653
52325
53898
55216
56259
60213
61182
61515
67186
80442
86350
96489
9070
12366
18001
26872
34485
40752
48315
51270
57918
58257
58869
60514
63178
63816
27879
48963
52572
23963
47274
47942
49690
51955
8052
8403
9041
10355
11370
11739
12686
22301
26907
27898
28558
28865
30552
40697
40743
41676
42027
43391
44007
44322
44643
46338
46629
47323
47379
47955
48003
48278
48621
48990
49309
50316
50609
51676
52296
52950
54567
54882
54938
55927
56302
57213
57576
58551
58880
59183
60501
61217
61530
61837
62569
62862
63518
64804
65464
80776
103527
6407
11015
11697
12696
13015
15037
21302
26903
29192
30207
45967
47289
49692
49931
51909
52896
53582
54238
59528
62491
64128
64495
65187
98905
6421
13023
21647
22634
26227
27539
31537
41694
42065
43646
44005
45289
50599
50942
52248
53277
53955
62178
9412
12040
31874
49365
52615
7095
30526
54908
56244
51594
28239
59925
# EOF 207
