39097
50921
69551
48660
55212
55916
42720
55220
7415
9032
8414
63786
5758
6414
7716
8083
9403
10737
12033
13718
20061
21588
21981
23237
25221
26577
27239
27885
28553
29227
29879
31863
31989
32320
34487
36874
37141
37203
37861
38272
38912
42010
42692
43707
46612
46676
48610
49599
49986
50666
51015
51390
51607
51665
52606
53571
53912
54285
54871
55272
55332
55535
56883
58225
58542
58873
60881
62552
62851
63152
63507
63643
63828
65455
65525
66588
67591
68161
69222
70151
70809
71092
72203
74085
75070
82390
86677
100222
102200
8703
10599
15008
17351
17680
19652
26876
30176
31442
43466
44461
44636
45637
45956
48427
49260
49639
50925
54929
58520
60199
61178
61511
62801
63561
64879
65948
68749
71441
74191
7080
13002
21638
21977
36210
37803
49673
50006
55649
60241
61212
63160
64963
66450
67433
68422
71463
73752
10402
34561
47366
47627
68759
32760
50309
56622
56879
63960
66267
71878
52287
56620
11738
48271
42389
31512
54552
44379
46009
43327
77731
55917
61883
8395
10026
10682
11067
11725
13344
15340
15681
16321
18000
18975
19589
21214
23302
24951
25278
25948
26277
26899
27577
28229
30781
30879
32193
33782
34131
41391
42360
42536
43385
44049
44306
44637
45309
45995
46964
47010
47315
47945
48336
48930
49297
49656
49925
50354
50601
51257
51959
54228
54623
55602
55975
56242
57885
58276
59233
60248
61570
61831
62208
62497
64798
64854
66852
67845
68840
70469
71474
73099
74780
78403
80106
80698
80770
81408
82096
82335
83986
84052
84391
85354
86353
90303
105162
105493
5105
8074
8393
10395
10750
13402
14066
19005
22554
29798
31974
33451
39828
40705
43680
45351
51646
52304
57634
63815
65121
75099
76780
77121
77450
78090
78702
79121
81434
89643
12004
5097
9035
19332
22973
23260
33118
33772
45660
48294
51580
52980
53241
55556
58236
59905
65781
67101
70114
79707
81340
85701
42071
44984
48679
53283
64226
17986
57869
47680
25868
47935
59560
23960
46384
54934
23952
# EOF 314
