48618
63888
57288
59527
25935
47972
7389
9698
10055
10378
10709
11698
12368
15367
18350
19000
20633
20932
22972
28531
31179
31528
32984
33169
36956
37117
38435
40710
42716
43362
45414
45623
46361
47290
47338
47661
48305
48656
49270
49627
50923
51294
51918
53998
55236
56215
57860
57908
58203
58570
58851
62167
63132
64476
64783
65439
65792
66111
66767
67439
73521
78093
93191
94515
9066
10035
10679
13052
15642
17774
21656
22976
24625
25578
27891
28571
29562
30868
34306
41079
43047
43871
45745
47711
49045
50339
51322
52624
53224
55328
60863
61840
63230
68428
105498
28232
40090
10037
22575
27243
44650
46654
51306
51629
52901
55970
57537
60191
64165
68091
52574
64175
25223
31853
43330
21305
26561
42387
54903
45976
26278
54225
44052
63193
27545
41032
47333
7087
7743
8066
8427
8738
9057
9382
11396
12066
13053
21316
21629
24293
25246
25908
26554
28205
28893
29196
29848
30217
30859
39421
40031
40358
41082
41365
42051
43054
44966
45955
46302
46649
48960
49327
49955
50013
50276
50643
53893
53949
54655
55560
55644
55891
56322
56918
56960
57239
58525
59865
59919
60210
60848
61187
61486
61544
62471
62529
62812
63474
63795
65117
67103
67757
71795
80084
101874
7418
25256
28235
31848
32175
32839
37445
41411
41698
46288
47993
50009
54569
57267
59251
62160
78421
8742
9723
11061
12064
12399
12702
25599
26895
28885
29210
31174
42326
47612
49945
50635
50976
56551
59520
59861
63490
66780
47604
57534
60525
15334
46966
62483
10692
41353
59213
27579
32205
62846
9370
24612
12712
# EOF 248
