45127
49739
78759
53557
73529
9385
11074
4771
5118
8753
10380
11040
11343
11700
12382
12715
20639
21323
21632
24296
24617
27554
28212
28533
28896
29855
30864
31532
31845
43370
44036
46038
46365
47292
48967
49960
50927
51583
51996
53896
54907
54969
55651
56921
57862
57912
57956
58263
58572
59535
59868
61493
62476
62901
63798
63870
64634
64785
64957
65122
65441
66113
66438
67112
67768
68568
69262
73072
75050
75463
76446
87339
103859
104511
6077
7734
10067
13331
13995
20641
24631
30882
31161
32194
34312
34563
37452
41731
42337
42880
44525
50584
51579
52626
53035
53226
53661
54596
55645
58287
63479
64201
66861
67274
75403
79790
88984
93512
105161
57244
66197
10705
19987
29213
29871
37167
40082
41488
42210
42451
44995
45450
45982
46987
47998
49958
51916
53338
53609
57541
59218
60586
68095
69918
90208
93522
94511
102858
42056
49280
57551
28890
41360
51663
64177
95833
13704
12705
12069
43673
64183
43057
15675
58854
18660
66521
67512
103517
7091
7396
7747
8068
8429
9059
9386
10058
10712
11400
12006
14006
14692
15298
17009
17336
19007
20323
22271
25603
25920
26257
26556
27208
29198
30221
31120
31182
32101
32169
33292
33758
34747
37122
37770
38440
40360
40416
41036
41878
42338
42390
42721
43058
43676
45626
45965
46304
46651
47666
48316
48663
49638
50019
50278
50338
50645
50992
51299
51937
52240
52583
52655
53608
53951
55893
56220
56597
57241
57295
58206
58527
59209
59273
59921
60212
60527
60914
61253
61546
61869
62170
62531
63137
63195
66172
66772
67163
67831
68146
70451
70788
71127
72760
75408
76395
76716
77063
77119
78722
79093
83753
87992
91198
93852
99565
9697
10684
16981
20971
21986
25597
25888
31860
33830
40380
42011
43321
46296
48300
51327
51981
54322
57285
62166
67113
74768
79051
81354
54603
7731
8086
9737
10048
18321
21308
25605
26163
26576
26897
29541
30452
31186
31870
40362
47351
48625
50258
50641
51309
52278
54232
54970
55610
56553
59536
60894
62240
68485
80026
81029
84708
104506
16690
22977
57602
60852
55303
58920
65526
19320
11364
76076
52904
60194
56314
61855
63506
71823
48376
# EOF 338
