25931
45645
53567
11393
41029
10065
10725
12727
14017
15006
28547
29209
30537
31195
32180
32505
36790
39095
41887
42355
43013
43978
44977
45639
46955
47001
48327
48977
49651
50287
50349
50939
51591
52590
53906
54279
54606
55260
56281
57563
57964
59880
62201
62492
63485
63565
64504
64791
65134
65449
66446
66781
76119
99893
5746
10727
11387
13375
14346
14677
38104
38764
42682
43360
43649
47615
50684
51633
52295
52654
54899
57882
59842
61164
61495
68512
11714
21967
22960
44317
46349
50297
50678
54981
55896
103851
25618
77437
27877
42732
43984
77108
53627
45978
49284
54221
58208
59227
58932
61171
5751
7410
8078
8710
9392
9717
10387
11049
11713
12397
14325
14708
19336
20650
21653
23298
25216
25266
26263
26570
27230
27565
28223
29870
33499
37447
39702
42001
42063
42685
44043
47305
47355
47985
49289
49973
50591
51949
52667
54990
55588
56549
57251
57616
58216
58533
58862
60234
60533
61508
61817
63143
64122
68090
68750
69079
75787
79422
104177
105844
6092
25934
26217
26546
44039
48647
49602
54601
57299
57614
63799
64220
64826
65115
69498
6764
10391
18672
20656
26588
42025
43373
47656
48270
49030
49981
51933
59556
61863
62515
63149
63520
64453
64802
101208
25619
24945
36460
48027
57879
24943
45038
20967
29551
44675
48639
# EOF 206
