56289
13688
9702
47304
45960
75684
3780
7074
7433
7738
8422
8733
9048
10364
11010
12362
14675
14968
19977
20308
20984
22316
22577
22643
25897
27907
28200
28569
28878
30200
30342
34160
36459
36840
40750
41159
43041
44194
44652
45009
46030
46295
46405
46692
46981
47280
47970
48297
48754
48999
49320
49948
50269
50971
51286
51346
52628
52915
53256
54895
55228
55633
56588
57280
57583
57637
58560
58897
59200
59854
60518
60835
61539
62223
63469
63844
64163
65838
66917
67144
68239
68789
72737
73062
73124
78480
81104
93841
101540
104840
105825
6737
9052
13028
22906
23686
25558
28190
28521
29869
31115
31530
33506
36122
36457
37438
37610
37775
38212
38433
44507
44792
46036
47013
47340
48957
49956
50261
54267
56630
58229
58857
61210
61824
63172
63890
64173
66532
68418
71126
72763
74089
74697
78769
84061
86689
46291
7423
12384
26888
27223
28551
36627
44032
48604
48702
54333
54562
57210
58891
59848
60548
60841
105488
11389
37815
63186
73377
19666
22302
29189
46188
47591
53988
62837
36206
63788
12049
47958
59192
39757
11050
44381
43721
47329
53584
6082
8060
9374
10050
12050
12700
12754
13366
14349
15356
16024
18343
21928
22957
23922
24859
25182
25577
26249
26540
30847
32530
32769
34099
34789
35738
39752
39880
41024
41074
41684
42669
43648
45329
46641
47654
48637
48952
49265
49618
51632
51979
53937
55552
57947
58192
58296
59255
59514
60198
60262
60898
61177
61239
62521
62808
64467
64553
64878
65109
65546
65787
66545
67203
67819
68182
72114
72443
73434
75506
76160
77103
78700
78768
80120
80786
81733
83041
86020
87021
101868
105182
11057
12056
20243
27232
27561
27862
28879
29226
29527
30538
32508
39371
41018
43026
46280
46677
47696
50523
51000
51969
52585
55546
55957
56938
57237
59197
59592
60537
60840
62543
66836
70475
75135
75841
83374
85683
98245
50956
53317
60180
7709
20327
21547
21940
23292
25579
25916
26243
27557
30853
43660
45303
46631
48982
50617
52254
55592
58280
63462
64501
69809
71785
41409
56643
11673
48338
73442
23629
87671
28211
62204
41738
40041
6433
13673
24283
# EOF 334
