41076
28560
12708
32532
6434
8061
13690
5104
6083
6729
7740
8735
10051
12057
13367
14356
18344
21313
25586
26250
26545
27859
27909
28880
37358
38429
40028
40704
41356
41410
41685
41739
42670
43045
44020
45330
46297
46642
47334
47655
48710
49619
49950
50973
51348
51980
52566
52917
55553
55884
56590
56913
58193
59202
59856
62522
62809
63792
64881
65110
65788
67427
77104
95165
105183
11058
11259
13044
25231
27562
27873
28902
29528
30549
32509
41031
43029
46281
47701
48993
50279
51009
54269
55563
55988
56949
57238
59198
60849
63192
64530
70480
75140
90870
8719
11676
13678
14681
19668
22304
26244
27558
28216
28868
30854
43661
45962
50957
54564
55593
57212
60181
60855
73192
24609
49266
59521
16033
77774
91203
96158
60552
23632
49926
45703
32200
39759
51634
23296
43315
7083
8423
9051
9739
11390
12363
17318
22644
22967
24287
27541
28201
28572
31513
40087
40753
41026
42330
42380
42709
43650
43722
44653
45949
46031
46693
46982
47285
48025
48298
48956
49000
49321
50270
50685
53945
54896
55231
58567
58623
59580
60200
60519
61183
61540
62162
63187
63470
63853
64166
64469
64824
67097
100881
101541
101870
7404
9053
12060
25571
28191
28522
29232
31531
37439
47341
49957
56633
58230
58874
61215
64174
68419
73426
74090
46637
59195
9709
11051
12387
25918
27224
44033
44382
46292
46940
47963
48605
48988
49612
52262
56904
58892
62842
25900
47973
48643
106159
44964
59851
97581
50623
26889
27910
12052
# EOF 235
