8081
11722
8408
62205
48291
8390
11062
13000
14027
27233
28226
28549
28850
29223
31859
32507
36623
38770
39101
39372
41889
42214
42357
43382
45039
45306
46319
46668
46734
47992
48333
49597
49653
50351
50596
51011
51252
51597
52277
52594
52983
53278
53569
54927
59549
59882
61517
61826
62494
63499
63894
64793
65451
68097
68757
86348
105157
3449
5748
10733
14679
24902
40415
43677
45952
49609
54608
57900
60171
61166
61509
63559
68183
71423
74185
80416
7078
11012
20986
40690
42383
43386
47663
47932
61176
63156
65453
66440
5419
27881
33644
45041
23620
49292
102531
51956
11403
63525
11720
58564
25271
53890
13663
48649
54274
66114
6409
9396
9719
10732
12339
12730
14377
15336
17021
20652
21970
23300
24947
25268
26209
26572
26883
27569
37451
42007
42689
43018
44047
44980
45644
46958
47622
48601
48980
49351
49979
53628
54224
54282
54615
55327
55590
56240
57883
58220
58537
59231
59933
60874
64126
64222
69085
76776
102530
8381
26219
26548
42687
45349
47646
59869
63809
65119
105828
10393
19328
22963
23956
24959
26937
43702
43991
53231
57560
57867
61498
62519
64471
65777
67430
25946
47006
49293
12333
49036
41405
55265
42069
56874
23950
# EOF 191
