42658
56875
61830
6412
8392
9720
10025
10073
12731
14657
17999
23301
24948
25277
26573
26898
35301
40379
42008
42070
42359
42690
43384
45994
46610
47623
47994
48608
49296
49352
50949
51324
52937
53330
53629
54227
54931
55330
55601
55974
57567
57884
58221
59232
60879
62496
63503
67844
76777
104182
105492
8051
14707
26226
26549
45350
56578
57304
57633
63814
65120
76775
77449
81433
8412
11728
19331
21975
22966
23957
35634
43992
45657
47667
48293
54283
56610
57868
58231
61503
62520
64472
65465
67431
44377
52285
10400
40694
25947
47934
50307
45372
50919
63158
44048
23951
47392
53232
25273
7414
9398
10401
10734
11063
11721
13717
23567
27238
27571
27884
28227
28550
28851
38771
43020
43319
43706
45307
46669
46960
47008
47365
48334
48984
49598
49654
49985
50597
51014
51255
51606
51957
53570
53911
54284
55271
57620
58541
58872
59883
61518
61568
62840
63895
64796
65454
68098
68758
86676
99591
105160
5749
8391
10381
15007
17350
17679
24961
31218
42695
43678
45000
45636
45953
49626
54609
54928
59875
60172
61167
62800
68748
55913
106488
5091
7079
11406
39092
42384
43716
53903
61189
65779
66449
8082
20963
44635
45042
49038
71458
49299
54647
23621
# EOF 193
