23617
44346
6418
46680
64632
32198
51266
50588
8400
9040
9411
10033
11369
19670
20603
21985
22300
23307
25229
26230
27895
28238
28557
28864
30188
31213
31869
33576
34495
39245
40688
42022
42539
42660
44006
44126
44309
44999
45312
46337
46971
47434
47950
48277
48989
49364
49930
50315
50357
50672
51962
52949
54937
55926
57627
58285
59182
60500
61214
61525
61573
61836
62213
62568
62861
63232
63517
64532
64803
65220
65290
65463
65832
66261
66530
67904
68843
69160
70474
70548
71216
71421
71477
71539
73102
77341
80775
103526
104190
11014
12691
15016
30198
34635
37941
40497
43691
45966
46949
49314
49683
49928
51908
52895
54235
54654
56851
58550
59513
63858
64127
64470
67818
68233
71742
78109
79140
88304
90304
25891
9064
12358
17997
22633
30515
32655
40425
41550
42064
43645
45388
45683
47940
48672
49346
57910
58865
62159
62554
63804
65790
67268
67441
73050
7421
7722
26906
72538
48313
74849
43442
48620
57575
102204
31526
37927
63168
11072
38778
14033
43522
54905
32001
7092
50935
56891
56646
48953
43390
41692
57273
60258
77153
74188
5428
8050
8726
9727
10090
10411
11737
13021
13350
15025
16331
17775
18008
18327
18664
18931
20291
21916
22249
22562
23962
24891
24955
25561
25878
30119
30550
30883
31822
38101
42697
43024
43712
46007
48001
48346
48685
48938
49046
49307
49660
50254
50607
51618
53245
53287
53642
53973
54236
54290
54565
55275
55612
56248
56577
56631
56890
57891
57935
58234
58549
58605
58878
59566
60170
60886
61903
62501
63833
63901
64146
64445
65157
66858
67853
68164
69488
69795
71099
72102
74094
77402
78469
78796
79125
79382
80112
80445
81671
82349
85019
85693
86014
86682
105170
105497
8724
10403
16660
17683
21543
23236
26879
29136
29846
33473
34464
36093
42990
44689
45020
45361
45664
47279
47670
51652
53897
55215
56258
60208
61181
61514
62868
65444
67183
69167
70122
74419
78720
80020
80441
81438
81765
82347
86347
100883
4110
13019
19647
21266
21980
26223
28518
30787
39102
47273
52565
53939
55931
60513
70142
76499
80118
82329
83677
4447
17316
24881
16004
51263
52244
57205
18989
43999
44713
51592
51953
42402
# EOF 342
