49649
15696
31211
5750
6763
7405
8075
8380
9391
10386
11046
11351
11712
12396
12723
13060
15315
20647
21652
21959
23297
26569
26870
27229
27564
28222
28545
29207
29867
31546
32178
37442
37614
38762
39701
42000
42062
42351
42401
43199
43861
44042
44369
44975
45717
47677
47984
50024
51001
51948
52006
52261
52666
54277
54604
54985
55258
55320
55962
56229
57250
57613
58215
58532
58861
61198
61507
61816
62199
62490
63142
64502
65447
66777
67519
68087
68747
91530
94840
99233
105843
4789
6087
7068
7754
9397
13359
17285
25933
26216
29347
39751
48040
54600
57298
64825
65114
69497
18671
40373
42024
45633
48638
51932
55894
58201
58544
61162
62514
63519
10719
25616
64121
50590
41025
49980
56560
9716
24942
21966
6397
8704
10064
11410
12670
14016
14323
14706
15667
18768
19330
24570
24630
25930
27876
30530
30869
31194
31856
32504
37780
40233
40424
42683
42727
43012
43379
43688
45638
47303
47616
48326
48671
48976
49287
49969
50286
50938
51590
51656
52589
53566
53905
57562
57877
59225
62832
63484
63813
64790
65133
66445
68154
69077
76118
10726
14345
14676
18676
24297
31190
38103
42681
43359
46404
48627
50671
51620
52003
52294
52653
54336
54898
57881
59841
60880
61494
63502
83705
10389
10736
11382
15368
20654
22959
24622
42362
43369
44316
49279
49648
57291
59554
64184
64451
47000
7767
25615
32855
47642
57548
9416
11709
47004
24939
# EOF 225
