63790
8396
8717
9034
10027
10404
11068
18657
22296
23305
24952
26220
26902
27241
28234
28555
30880
38098
44307
45310
45663
46678
46965
47011
47946
47996
48339
49300
49657
50602
51260
51330
53284
54229
54935
55603
55918
55976
57886
57932
58227
58875
59561
61523
61571
61832
64799
65461
66213
103524
104184
105494
8394
10396
19006
32651
37939
41231
43689
57962
59511
59900
62833
68755
78091
94834
4438
102202
7082
12011
15002
40413
47681
48295
48662
49312
50317
50929
52241
62149
105165
7419
9038
23961
46706
62498
31514
41667
23953
44050
43388
62533
25286
29880
42398
8084
27529
5761
9404
10738
11729
12034
14036
15021
19665
20965
21982
25557
25876
26578
27892
29228
31206
34488
42693
43022
44380
46617
47317
48272
48986
49040
49361
49927
50304
50667
51016
51608
51666
52288
52607
53243
53576
53915
54288
54553
55213
55273
56298
56884
57570
58547
60549
60884
61209
62852
63153
63829
64138
65155
72774
77759
105166
8722
15009
17681
26877
30177
45642
49271
49644
50926
54930
56583
58523
61179
61512
65123
73759
97583
45662
6403
8415
16000
19334
21639
21978
30508
39098
42723
46011
48934
49678
51582
53249
55235
55558
55921
56218
56880
57873
62804
63161
65785
67105
67434
68423
47628
5101
11366
45044
16664
63510
11023
22979
# EOF 205
