27216
26238
12041
46277
3778
5096
6075
7736
8731
9044
11680
12695
13991
18334
20982
25895
28198
28872
31217
31508
31877
32838
41404
42666
43348
44646
46636
46690
47023
47272
47962
48006
48285
48630
48995
49940
50263
50969
51340
52899
52957
53252
53585
54945
55930
56257
56584
56909
57581
57635
58189
58243
58616
59844
60833
61583
62805
63842
65772
82725
95825
101538
104838
11028
11730
13026
27542
28519
29195
37773
43017
43225
45035
45972
47007
48941
50997
51256
52568
52913
53916
54265
54999
55230
55898
58211
58855
64145
64518
78763
12047
9082
11044
15309
19662
20322
23285
23624
30553
45296
46624
46732
50612
51276
51603
52251
57625
58620
68753
13034
25237
16025
18996
25562
28537
63184
40748
32184
24280
57220
28208
62829
12380
26884
32531
45004
54573
44709
7065
9733
10748
11386
13356
14343
15651
18012
22313
22640
26239
26538
26606
26917
28566
29539
32528
40081
41732
42035
42986
43718
46286
46350
46978
47327
48950
49315
49616
50619
51626
52623
53935
54886
55225
55991
58890
59187
60196
60260
61169
62866
63466
64457
65225
68425
98576
101866
9033
13679
15338
29525
30219
31519
36789
37114
46635
49939
51965
56908
62900
100558
29186
12668
13037
25914
27896
47953
48328
53564
54557
55269
60174
63845
64493
40701
41020
44360
48974
60523
63458
10359
24963
60509
63177
27551
47297
41351
62184
50952
47718
# EOF 219
