20320
48972
66606
23967
32525
46158
55547
5435
5770
7064
10358
12043
12356
13355
13684
14047
14342
14671
16456
18011
18330
18677
20980
21301
22312
22627
25506
25889
26234
28242
28565
29036
29538
29678
30124
35165
35223
37468
38110
38936
39747
40746
41019
41679
42878
42985
44184
44708
45003
45326
46283
46634
47326
47645
48088
48628
49938
50618
50965
51268
53583
54885
55224
56582
56905
57276
57579
57631
58889
59186
59252
59840
60508
60889
61168
61842
62217
62504
63176
63465
64295
64456
65541
65619
67140
67256
67599
68173
68420
69168
73425
74033
76356
86360
101865
104836
105502
4452
15337
18767
29524
30218
31518
33500
37113
40794
42212
42549
43528
44178
46618
47316
49324
51254
51964
53587
54247
56608
56907
59539
60231
62899
63872
66506
66783
67900
68831
69228
70452
75126
75788
81768
86352
95494
101873
26882
36371
6105
9074
12031
22639
30547
32172
35147
43769
45689
47294
50945
58618
58881
61577
64125
69407
70161
70773
13030
42664
54572
62865
25907
27211
36944
44016
44858
74037
43717
27550
42999
63840
32527
38780
48694
57928
63838
34890
63457
34501
43394
22903
49610
54246
56653
6074
6425
7735
8405
9731
10042
11077
11376
11679
12694
12744
15039
15350
18574
18985
19605
20303
21549
21920
27525
27902
28871
29888
31216
31507
33802
40699
41349
41403
41730
42029
43345
44009
44645
45393
47022
47271
47381
47961
48005
48280
48994
49313
50262
51339
53251
53979
54294
54639
54944
55929
55989
56256
56304
57215
58242
59570
59907
60184
61532
62148
62573
62802
64543
66541
71426
74421
74744
75380
75735
76082
77049
77707
78473
79691
80116
82353
85023
86686
87015
88654
89302
89878
95495
98574
101535
6413
11027
11727
12726
13025
13675
18347
21587
25549
29194
30478
31110
32498
37772
43016
45971
46994
48940
49694
49933
50996
52567
52898
53909
55229
55542
55897
58210
61534
62537
64144
64503
71771
78762
79394
87974
99920
100554
11037
7394
12377
22538
24889
26235
27890
28536
46613
47064
47951
48322
50605
51275
51600
52250
62826
65131
68834
76158
77372
80704
81737
31876
57943
6439
13033
16335
29184
33792
53281
56254
3466
22263
55263
59275
23623
# EOF 343
