13032
9413
10041
37119
6073
8404
9730
13989
15036
18673
21919
24960
26908
27899
28870
29887
31506
31875
32832
40698
41017
42028
42543
44008
44323
44521
44644
46630
47643
47956
48004
48279
48626
49310
50610
50963
51677
53581
53976
54939
55928
56303
56634
57214
57577
57629
57894
58289
60183
60502
61220
62147
62570
62863
75132
80777
89877
99921
103528
105500
6408
11016
11726
12697
13022
18346
29193
30208
32980
43015
44706
45968
48937
49693
49932
50993
52897
54239
58207
59529
61192
62536
64139
64496
73852
99919
27548
19654
26880
27883
30531
31544
38772
43647
46722
47276
48971
50943
52249
52596
52999
56253
65130
20976
43344
46279
64448
12370
47944
53956
64119
58259
49608
5434
6423
7733
8728
10357
12042
12692
13029
13352
13683
14341
16658
17671
18010
22311
22626
23964
25232
26233
28241
28564
29537
32524
38109
40745
41347
41401
41678
43028
43393
43714
45680
46021
46346
46976
48992
49937
50260
51967
52617
52954
53247
53289
54240
54571
54884
55223
55544
57275
58238
59185
61580
61839
62503
63173
63464
63524
65223
68417
86016
100556
105172
4451
29858
46611
47301
49323
51253
51654
51963
52326
53586
53899
55217
56607
56906
61522
66443
66782
86351
20319
9073
22638
25894
40755
41696
49371
51273
58876
60517
62824
44707
45002
51265
55987
58944
63839
69408
48318
51598
53646
26229
63181
4126
44013
23619
# EOF 219
