28562
29205
46638
51617
45950
25901
42331
27911
5106
7084
8063
9054
9740
12059
12364
13696
22645
22968
24288
29845
31175
34966
39755
40706
40754
41027
41741
42381
43051
43358
46983
47286
47601
47659
47974
48299
48646
49001
49675
50271
50634
51637
51910
51984
53946
54897
55232
57234
58568
60205
60522
60837
61184
63130
63188
63471
64167
64474
64827
66109
67098
67429
78089
94182
101871
104844
9062
20316
21654
25247
25572
27572
28192
28523
37612
44192
47342
47709
49043
49974
51318
52618
55567
57246
58237
61216
61834
63198
68426
73427
74091
105490
23634
32202
51296
56648
3451
5760
11052
11341
11678
12055
13682
14332
44034
47966
48612
48997
49942
55595
58893
59515
60562
60857
62480
62843
18998
49623
26892
52614
11391
27235
46032
63854
54574
40088
57533
43723
39761
59201
53325
47313
7438
28217
57219
3785
6734
7741
8425
8736
9378
10052
10371
21314
24917
25242
25587
26550
27543
27860
28203
28883
29561
31517
37112
40029
41078
41361
41686
42671
43652
46298
46643
48958
49267
49325
49951
50974
52569
52918
55642
55885
56916
56956
57530
57905
57949
58194
58521
59203
59859
61542
62164
62523
62810
63793
65111
65789
73731
77105
84363
97254
101543
7416
13045
19097
24618
25880
27874
29892
31535
32510
37443
43040
46282
47975
50280
52956
53640
54276
55259
59199
60850
67428
8740
12389
12690
22305
23304
27573
28869
30855
31840
43042
44978
45963
46294
46950
49614
50627
56545
61829
63488
106163
12710
26251
44021
59522
29515
40889
41736
48705
60186
55283
47335
59855
44655
24610
# EOF 248
